0 1
0.5 0.877583
1 0.540302
1.5 0.0707372
2 -0.416147
2.5 -0.801144
3 -0.989992
3.5 -0.936457
4 -0.653644
4.5 -0.210796
5 0.283662
5.5 0.70867
6 0.96017
6.5 0.976588
7 0.753902
7.5 0.346635
8 -0.1455
8.5 -0.602012
9 -0.91113


1e-08 1 1e-08 
0.09 0.977965 0.0890084 
0.18 0.95593 0.176034 
0.27 0.933895 0.261076 
0.36 0.911859 0.344135 
0.45 0.889824 0.42521 
0.54 0.8506 0.503959 
0.63 0.78989 0.577781 
0.72 0.729179 0.646139 
0.81 0.668469 0.709034 
0.9 0.607758 0.766464 
0.99 0.547048 0.81843 
1.08 0.465172 0.864086 
1.17 0.38065 0.902148 
1.26 0.296128 0.932603 
1.35 0.211607 0.955451 
1.44 0.127085 0.970692 
1.53 0.0415242 0.978311 
1.62 -0.046115 0.978104 
1.71 -0.133754 0.97001 
1.8 -0.221393 0.954028 
1.89 -0.309032 0.930159 
1.98 -0.396671 0.898403 
2.07 -0.470046 0.859258 
2.16 -0.539346 0.813835 
2.25 -0.608645 0.762175 
2.34 -0.677945 0.704279 
2.43 -0.747244 0.640145 
2.52 -0.808698 0.569853 
2.61 -0.84269 0.495541 
2.7 -0.876683 0.418169 
2.79 -0.910676 0.337738 
2.88 -0.944669 0.254247 
2.97 -0.978662 0.167698 
3.06 -0.983568 0.0789609 
3.15 -0.973932 -0.00912661 
3.24 -0.964295 -0.0963468 
3.33 -0.954659 -0.1827 
3.42 -0.945022 -0.268185 
3.51 -0.9308 -0.352781 
3.6 -0.879894 -0.434262 
3.69 -0.828988 -0.511162 
3.78 -0.778081 -0.58348 
3.87 -0.727175 -0.651216 
3.96 -0.676269 -0.714371 
4.05 -0.609359 -0.772545 
4.14 -0.529646 -0.8238 
4.23 -0.449934 -0.867881 
4.32 -0.370221 -0.904788 
4.41 -0.290508 -0.934521 
4.5 -0.210796 -0.95708 
4.59 -0.121793 -0.972046 
4.68 -0.032791 -0.979002 
4.77 0.0562115 -0.977948 
4.86 0.145214 -0.968884 
4.95 0.234216 -0.95181 
5.04 0.317663 -0.926836 
5.13 0.394164 -0.894804 
5.22 0.470665 -0.855887 
5.31 0.547167 -0.810084 
5.4 0.623668 -0.757397 
5.49 0.70017 -0.697824 
5.58 0.74891 -0.632477 
5.67 0.79418 -0.563038 
5.76 0.83945 -0.489524 
5.85 0.88472 -0.411937 
5.94 0.92999 -0.330275 
6.03 0.961155 -0.24475 
6.12 0.96411 -0.158113 
6.21 0.967066 -0.0712102 
6.3 0.970021 0.0159586 
6.39 0.972976 0.103393 
6.48 0.975931 0.191094 
6.57 0.945412 0.277889 
6.66 0.905328 0.361173 
6.75 0.865245 0.440849 
6.84 0.825162 0.516917 
6.93 0.785078 0.589378 
7.02 0.737612 0.658157 
7.11 0.664304 0.721243 
7.2 0.590996 0.777732 
7.29 0.517687 0.827622 
7.38 0.444379 0.870915 
7.47 0.371071 0.907611 
7.56 0.287579 0.937403 
7.65 0.198995 0.959299 
7.74 0.11041 0.973222 
7.83 0.0218261 0.979173 
7.92 -0.0667583 0.977151 
8.01 -0.15463 0.96716 
8.1 -0.236802 0.949545 
8.19 -0.318974 0.924535 
8.28 -0.401147 0.89213 
8.37 -0.483319 0.852329 
8.46 -0.565491 0.805132 
8.55 -0.632924 0.750909 
8.64 -0.688565 0.691442 
8.73 -0.744206 0.626967 
8.82 -0.799848 0.557485 


0 1 0 0 0
1 1 1 1 1
2 1 2 4 8
3 1 3 9 27
4 1 4 16 64
5 1 5 25 125
6 1 6 36 216
7 1 7 49 343
8 1 8 64 512


1e-08 1 0 1e-08
0.08 1 0 0.08
0.16 1 0 0.16
0.24 1 0 0.24
0.32 1 0 0.32
0.4 1 0 0.4
0.48 1 0 0.48
0.56 1 0 0.56
0.64 1 0 0.64
0.72 1 0 0.72
0.8 1 0 0.8
0.88 1 0 0.88
0.96 1 0 0.96
1.04 1 0 1.04
1.12 1 0 1.12
1.2 1 0 1.2
1.28 1 0 1.28
1.36 1 0 1.36
1.44 1 0 1.44
1.52 1 0 1.52
1.6 1 0 1.6
1.68 1 0 1.68
1.76 1 0 1.76
1.84 1 0 1.84
1.92 1 0 1.92
2 1 0 2
2.08 1 0 2.08
2.16 1 0 2.16
2.24 1 0 2.24
2.32 1 0 2.32
2.4 1 0 2.4
2.48 1 0 2.48
2.56 1 0 2.56
2.64 1 0 2.64
2.72 1 0 2.72
2.8 1 0 2.8
2.88 1 0 2.88
2.96 1 0 2.96
3.04 1 0 3.04
3.12 1 0 3.12
3.2 1 0 3.2
3.28 1 0 3.28
3.36 1 0 3.36
3.44 1 0 3.44
3.52 1 0 3.52
3.6 1 0 3.6
3.68 1 0 3.68
3.76 1 0 3.76
3.84 1 0 3.84
3.92 1 0 3.92
4 1 0 4
4.08 1 0 4.08
4.16 1 0 4.16
4.24 1 0 4.24
4.32 1 0 4.32
4.4 1 0 4.4
4.48 1 0 4.48
4.56 1 0 4.56
4.64 1 0 4.64
4.72 1 0 4.72
4.8 1 0 4.8
4.88 1 0 4.88
4.96 1 0 4.96
5.04 1 0 5.04
5.12 1 0 5.12
5.2 1 0 5.2
5.28 1 0 5.28
5.36 1 0 5.36
5.44 1 0 5.44
5.52 1 0 5.52
5.6 1 0 5.6
5.68 1 0 5.68
5.76 1 0 5.76
5.84 1 0 5.84
5.92 1 0 5.92
6 1 0 6
6.08 1 0 6.08
6.16 1 0 6.16
6.24 1 0 6.24
6.32 1 0 6.32
6.4 1 0 6.4
6.48 1 0 6.48
6.56 1 0 6.56
6.64 1 0 6.64
6.72 1 0 6.72
6.8 1 0 6.8
6.88 1 0 6.88
6.96 1 0 6.96
7.04 1 0 7.04
7.12 1 0 7.12
7.2 1 0 7.2
7.28 1 0 7.28
7.36 1 0 7.36
7.44 1 0 7.44
7.52 1 0 7.52
7.6 1 0 7.6
7.68 1 0 7.68
7.76 1 0 7.76
7.84 1 0 7.84
7.92 1 0 7.92


1e-08 1e-08 1 5e-17
0.08 0.08 1 0.0032
0.16 0.16 1 0.0128
0.24 0.24 1 0.0288
0.32 0.32 1 0.0512
0.4 0.4 1 0.08
0.48 0.48 1 0.1152
0.56 0.56 1 0.1568
0.64 0.64 1 0.2048
0.72 0.72 1 0.2592
0.8 0.8 1 0.32
0.88 0.88 1 0.3872
0.96 0.96 1 0.4608
1.04 1.04 1 0.5408
1.12 1.12 1 0.6272
1.2 1.2 1 0.72
1.28 1.28 1 0.8192
1.36 1.36 1 0.9248
1.44 1.44 1 1.0368
1.52 1.52 1 1.1552
1.6 1.6 1 1.28
1.68 1.68 1 1.4112
1.76 1.76 1 1.5488
1.84 1.84 1 1.6928
1.92 1.92 1 1.8432
2 2 1 2
2.08 2.08 1 2.1632
2.16 2.16 1 2.3328
2.24 2.24 1 2.5088
2.32 2.32 1 2.6912
2.4 2.4 1 2.88
2.48 2.48 1 3.0752
2.56 2.56 1 3.2768
2.64 2.64 1 3.4848
2.72 2.72 1 3.6992
2.8 2.8 1 3.92
2.88 2.88 1 4.1472
2.96 2.96 1 4.3808
3.04 3.04 1 4.6208
3.12 3.12 1 4.8672
3.2 3.2 1 5.12
3.28 3.28 1 5.3792
3.36 3.36 1 5.6448
3.44 3.44 1 5.9168
3.52 3.52 1 6.1952
3.6 3.6 1 6.48
3.68 3.68 1 6.7712
3.76 3.76 1 7.0688
3.84 3.84 1 7.3728
3.92 3.92 1 7.6832
4 4 1 8
4.08 4.08 1 8.3232
4.16 4.16 1 8.6528
4.24 4.24 1 8.9888
4.32 4.32 1 9.3312
4.4 4.4 1 9.68
4.48 4.48 1 10.0352
4.56 4.56 1 10.3968
4.64 4.64 1 10.7648
4.72 4.72 1 11.1392
4.8 4.8 1 11.52
4.88 4.88 1 11.9072
4.96 4.96 1 12.3008
5.04 5.04 1 12.7008
5.12 5.12 1 13.1072
5.2 5.2 1 13.52
5.28 5.28 1 13.9392
5.36 5.36 1 14.3648
5.44 5.44 1 14.7968
5.52 5.52 1 15.2352
5.6 5.6 1 15.68
5.68 5.68 1 16.1312
5.76 5.76 1 16.5888
5.84 5.84 1 17.0528
5.92 5.92 1 17.5232
6 6 1 18
6.08 6.08 1 18.4832
6.16 6.16 1 18.9728
6.24 6.24 1 19.4688
6.32 6.32 1 19.9712
6.4 6.4 1 20.48
6.48 6.48 1 20.9952
6.56 6.56 1 21.5168
6.64 6.64 1 22.0448
6.72 6.72 1 22.5792
6.8 6.8 1 23.12
6.88 6.88 1 23.6672
6.96 6.96 1 24.2208
7.04 7.04 1 24.7808
7.12 7.12 1 25.3472
7.2 7.2 1 25.92
7.28 7.28 1 26.4992
7.36 7.36 1 27.0848
7.44 7.44 1 27.6768
7.52 7.52 1 28.2752
7.6 7.6 1 28.88
7.68 7.68 1 29.4912
7.76 7.76 1 30.1088
7.84 7.84 1 30.7328
7.92 7.92 1 31.3632


1e-08 1e-16 2e-08 3.33333e-25
0.08 0.0064 0.16 0.000170667
0.16 0.0256 0.32 0.00136533
0.24 0.0576 0.48 0.004608
0.32 0.1024 0.64 0.0109227
0.4 0.16 0.8 0.0213333
0.48 0.2304 0.96 0.036864
0.56 0.3136 1.12 0.0585387
0.64 0.4096 1.28 0.0873813
0.72 0.5184 1.44 0.124416
0.8 0.64 1.6 0.170667
0.88 0.7744 1.76 0.227157
0.96 0.9216 1.92 0.294912
1.04 1.0816 2.08 0.374955
1.12 1.2544 2.24 0.468309
1.2 1.44 2.4 0.576
1.28 1.6384 2.56 0.699051
1.36 1.8496 2.72 0.838485
1.44 2.0736 2.88 0.995328
1.52 2.3104 3.04 1.1706
1.6 2.56 3.2 1.36533
1.68 2.8224 3.36 1.58054
1.76 3.0976 3.52 1.81726
1.84 3.3856 3.68 2.0765
1.92 3.6864 3.84 2.3593
2 4 4 2.66667
2.08 4.3264 4.16 2.99964
2.16 4.6656 4.32 3.35923
2.24 5.0176 4.48 3.74647
2.32 5.3824 4.64 4.16239
2.4 5.76 4.8 4.608
2.48 6.1504 4.96 5.08433
2.56 6.5536 5.12 5.59241
2.64 6.9696 5.28 6.13325
2.72 7.3984 5.44 6.70788
2.8 7.84 5.6 7.31733
2.88 8.2944 5.76 7.96262
2.96 8.7616 5.92 8.64478
3.04 9.2416 6.08 9.36482
3.12 9.7344 6.24 10.1238
3.2 10.24 6.4 10.9227
3.28 10.7584 6.56 11.7625
3.36 11.2896 6.72 12.6444
3.44 11.8336 6.88 13.5692
3.52 12.3904 7.04 14.5381
3.6 12.96 7.2 15.552
3.68 13.5424 7.36 16.612
3.76 14.1376 7.52 17.7191
3.84 14.7456 7.68 18.8744
3.92 15.3664 7.84 20.0788
4 16 8 21.3333
4.08 16.6464 8.16 22.6391
4.16 17.3056 8.32 23.9971
4.24 17.9776 8.48 25.4083
4.32 18.6624 8.64 26.8739
4.4 19.36 8.8 28.3947
4.48 20.0704 8.96 29.9718
4.56 20.7936 9.12 31.6063
4.64 21.5296 9.28 33.2991
4.72 22.2784 9.44 35.0513
4.8 23.04 9.6 36.864
4.88 23.8144 9.76 38.7381
4.96 24.6016 9.92 40.6746
5.04 25.4016 10.08 42.6747
5.12 26.2144 10.24 44.7392
5.2 27.04 10.4 46.8693
5.28 27.8784 10.56 49.066
5.36 28.7296 10.72 51.3302
5.44 29.5936 10.88 53.6631
5.52 30.4704 11.04 56.0655
5.6 31.36 11.2 58.5387
5.68 32.2624 11.36 61.0835
5.76 33.1776 11.52 63.701
5.84 34.1056 11.68 66.3922
5.92 35.0464 11.84 69.1582
6 36 12 72
6.08 36.9664 12.16 74.9186
6.16 37.9456 12.32 77.915
6.24 38.9376 12.48 80.9902
6.32 39.9424 12.64 84.1453
6.4 40.96 12.8 87.3813
6.48 41.9904 12.96 90.6993
6.56 43.0336 13.12 94.1001
6.64 44.0896 13.28 97.585
6.72 45.1584 13.44 101.155
6.8 46.24 13.6 104.811
6.88 47.3344 13.76 108.554
6.96 48.4416 13.92 112.385
7.04 49.5616 14.08 116.305
7.12 50.6944 14.24 120.315
7.2 51.84 14.4 124.416
7.28 52.9984 14.56 128.609
7.36 54.1696 14.72 132.896
7.44 55.3536 14.88 137.277
7.52 56.5504 15.04 141.753
7.6 57.76 15.2 146.325
7.68 58.9824 15.36 150.995
7.76 60.2176 15.52 155.763
7.84 61.4656 15.68 160.63
7.92 62.7264 15.84 165.598


1e-08 -7.36377e-12 -0.000736377 -3.68189e-20
0.08 0.000453467 0.0184778 7.89114e-06
0.16 0.0039812 0.0761202 0.000154535
0.24 0.0136575 0.172191 0.000808843
0.32 0.0325565 0.30669 0.00258567
0.4 0.0637526 0.479617 0.0063458
0.48 0.11032 0.690973 0.013196
0.56 0.175333 0.940756 0.0244889
0.64 0.261866 1.22897 0.0418231
0.72 0.372993 1.55561 0.0670432
0.8 0.511788 1.92068 0.10224
0.88 0.681326 2.32417 0.149749
0.96 0.884681 2.7661 0.212154
1.04 1.12493 3.24643 0.292282
1.12 1.40513 3.76504 0.393207
1.2 1.72835 4.32191 0.51825
1.28 2.09766 4.91704 0.670973
1.36 2.5161 5.55043 0.855185
1.44 2.98675 6.22208 1.07494
1.52 3.51265 6.93198 1.33454
1.6 4.09688 7.68015 1.63852
1.68 4.7425 8.46657 1.99168
1.76 5.45255 9.29125 2.39904
1.84 6.23012 10.1542 2.86589
1.92 7.07825 11.0554 3.39774
2 8 11.9948 4.00037
2.08 8.99845 12.9729 4.67978
2.16 10.0767 13.9899 5.44225
2.24 11.2379 15.0458 6.29427
2.32 12.4851 16.1407 7.2426
2.4 13.8214 17.2745 8.29426
2.48 15.25 18.4472 9.45649
2.56 16.774 19.6589 10.7368
2.64 18.3965 20.9095 12.143
2.72 20.1206 22.1991 13.683
2.8 21.9494 23.5276 15.365
2.88 23.886 24.895 17.1977
2.96 25.9336 26.3014 19.1898
3.04 28.0953 27.7463 21.3502
3.12 30.374 29.228 23.6881
3.2 32.7727 30.7461 26.2132
3.28 35.2944 32.3006 28.935
3.36 37.9418 33.8915 31.8636
3.44 40.718 35.5187 35.0092
3.52 43.6258 37.1824 38.382
3.6 46.6681 38.8824 41.9929
3.68 49.8479 40.6189 45.8526
3.76 53.1681 42.3917 49.9723
3.84 56.6316 44.2009 54.3633
3.92 60.2412 46.0466 59.0372
4 64 47.9286 64.0059
4.08 67.9109 49.8517 69.2813
4.16 71.9775 51.8208 74.8758
4.24 76.2035 53.8357 80.8019
4.32 80.5924 55.8965 87.0727
4.4 85.1481 58.0033 93.7012
4.48 89.8742 60.1559 100.701
4.56 94.7743 62.3544 108.086
4.64 99.8521 64.5988 115.87
4.72 105.111 66.8891 124.067
4.8 110.556 69.2253 132.692
4.88 116.189 71.6074 141.761
4.96 122.014 74.0354 151.288
5.04 128.035 76.5048 161.288
5.12 134.255 78.9891 171.779
5.2 140.674 81.4839 182.774
5.28 147.293 83.989 194.292
5.36 154.112 86.5046 206.347
5.44 161.134 89.0307 218.955
5.52 168.358 91.5672 232.133
5.6 175.785 94.1141 245.898
5.68 183.416 96.6714 260.264
5.76 191.253 99.2392 275.25
5.84 199.295 101.817 290.87
5.92 207.544 104.406 307.142
6 216 107.005 324.083
6.08 224.666 109.681 341.708
6.16 233.553 112.499 360.035
6.24 242.67 115.461 379.083
6.32 252.03 118.565 398.869
6.4 261.644 121.811 419.414
6.48 271.524 125.201 440.739
6.56 281.68 128.733 462.865
6.64 292.125 132.408 485.816
6.72 302.869 136.226 509.613
6.8 313.925 140.187 534.283
6.88 325.303 144.29 559.85
6.96 337.015 148.536 586.34
7.04 349.072 152.863 613.782
7.12 361.465 156.901 642.201
7.2 374.167 160.588 671.624
7.28 387.149 163.923 702.075
7.36 400.385 166.908 733.575
7.44 413.845 169.541 766.143
7.52 427.502 171.824 799.795
7.6 441.328 173.755 834.548
7.68 455.294 175.335 870.412
7.76 469.372 176.564 907.398
7.84 483.534 177.441 945.513
7.92 497.753 177.968 984.765
