Matrix A
         3          6          7          5          3          5          6          2 
         6          1          2          7          0          9          3          6 
         7          2          2          6          1          8          7          9 
         5          7          6          3          7          5          9          2 
         3          0          1          7          3          6          1          2 
         5          9          8          5          6          7          8          4 
         6          3          7          9          1          8          6          3 
         2          6          9          2          2          4          3          7 
V
   0.23177    0.25995    0.57944    0.60564   -0.10223   -0.21016    0.10953    0.33098 
  -0.51574   0.013853   -0.36633     0.3187   -0.61407    0.10878  -0.090415    0.31775 
  -0.41457   -0.59577    0.35008  -0.091933    0.28518    -0.1826   -0.28728    0.38077 
   0.40577   -0.43759   -0.49077    0.28286    0.23785   0.029823     0.3508    0.37745 
  -0.33424    0.23949    0.15677 -0.0010963    0.36819    0.69885    0.37331    0.20743 
   0.35367  -0.072807    0.21794   -0.58345   -0.47293    0.21061   0.090422    0.45333 
  -0.19694    0.48282   -0.23867   -0.31538     0.2321   -0.55985    0.20991    0.40038 
   0.26113    0.30005   -0.19391    0.05737    0.24793    0.25217   -0.76331    0.30527 
w -13.6603 -6.32384 -1.24749 -0.327322 1.73382 3.86401 7.61483 40.3463 
D
    -13.66          0          0          0          0          0          0          0 
         0    -6.3238          0          0          0          0          0          0 
         0          0    -1.2475          0          0          0          0          0 
         0          0          0   -0.32732          0          0          0          0 
         0          0          0          0     1.7338          0          0          0 
         0          0          0          0          0      3.864          0          0 
         0          0          0          0          0          0     7.6148          0 
         0          0          0          0          0          0          0     40.346 
VTAV=D
    -13.66          0          0          0          0          0          0          0 
         0    -6.3238          0          0          0          0          0          0 
         0          0    -1.2475          0          0          0          0          0 
         0          0          0   -0.32732          0          0          0          0 
         0          0          0          0     1.7338          0          0          0 
         0          0          0          0          0      3.864          0          0 
         0          0          0          0          0          0     7.6148          0 
         0          0          0          0          0          0          0     40.346 
VDVT=A
         3          6          7          5          3          5          6          2 
         6          1          2          7          0          9          3          6 
         7          2          2          6          1          8          7          9 
         5          7          6          3          7          5          9          2 
         3          0          1          7          3          6          1          2 
         5          9          8          5          6          7          8          4 
         6          3          7          9          1          8          6          3 
         2          6          9          2          2          4          3          7 
VTV=1
         1          0          0          0          0          0          0          0 
         0          1          0          0          0          0          0          0 
         0          0          1          0          0          0          0          0 
         0          0          0          1          0          0          0          0 
         0          0          0          0          1          0          0          0 
         0          0          0          0          0          1          0          0 
         0          0          0          0          0          0          1          0 
         0          0          0          0          0          0          0          1 
VVT=1
         1          0          0          0          0          0          0          0 
         0          1          0          0          0          0          0          0 
         0          0          1          0          0          0          0          0 
         0          0          0          1          0          0          0          0 
         0          0          0          0          1          0          0          0 
         0          0          0          0          0          1          0          0 
         0          0          0          0          0          0          1          0 
         0          0          0          0          0          0          0          1 
dr 0.05 0.1 0.15 0.2 0.25 0.3 0.35 0.4 0.45 0.5 


5 0.05 -0.496095
5 0.1 -0.495135
5 0.15 -0.493252
5 0.2 -0.491362
5 0.25 -0.4886
5 0.3 -0.48389
5 0.35 -0.480836
5 0.4 -0.475771
5 0.45 -0.472258
5 0.5 -0.467582


1 0.2 2.303
1.5 0.2 0.642807
2 0.2 -0.118368
2.5 0.2 -0.299523
3 0.2 -0.417737
3.5 0.2 -0.452726
4 0.2 -0.477869
4.5 0.2 -0.485693
5 0.2 -0.491362
5.5 0.2 -0.493103
6 0.2 -0.494334
6.5 0.2 -0.4947
7 0.2 -0.49495
7.5 0.2 -0.495022
8 0.2 -0.495071
8.5 0.2 -0.495084
9 0.2 -0.495093
9.5 0.2 -0.495095
10 0.2 -0.495097
