
Starting guess: 30 20 
Rosenbruck min: 0.999989 0.999978 
n_steps: 115

Himmelblau min: 3 2 
n_steps: 9
Higgs parameters (m,gamma,A) 125.972 2.08137 9.85221 
n_steps: 52
Higgs parameters central differences (m,gamma,A) 125.972 -2.09683 9.92801 
n_steps: 131


101 -0.25 2
103 -0.3 2
105 -0.15 1.9
107 -1.71 1.9
109 0.81 1.9
111 0.65 1.9
113 -0.91 1.9
115 0.91 1.9
117 0.96 1.6
119 -2.52 1.6
121 -1.01 1.6
123 2.01 1.6
125 4.83 1.6
127 4.58 1.6
129 1.26 1.3
131 1.01 1.3
133 -1.26 1.3
135 0.45 1.3
137 0.15 1.3
139 -0.91 1.3
141 -0.81 1.1
143 -1.41 1.1
145 1.36 1.1
147 0.5 1.1
149 -0.45 1.1
151 1.61 1.1
153 -2.21 1.1
155 -1.86 0.9
157 1.76 0.9
159 -0.5 0.9


102 0.0171119
103 0.018631
104 0.0203615
105 0.0223447
106 0.0246321
107 0.0272892
108 0.0304
109 0.0340741
110 0.0384557
111 0.0437387
112 0.0501877
113 0.0581722
114 0.06822
115 0.0811057
116 0.0980035
117 0.120761
118 0.152416
119 0.198251
120 0.26808
121 0.381773
122 0.584287
123 0.993427
124 1.98119
125 4.8573
126 9.09046
127 4.60542
128 1.89658
129 0.961173
130 0.569306
131 0.37374
132 0.263311
133 0.195201
134 0.150352
135 0.119301
136 0.0969339
137 0.0802991
138 0.0675969
139 0.0576811
140 0.0497938
141 0.0434179
142 0.0381911
143 0.0338533
144 0.0302139
145 0.0271308
146 0.0244962
147 0.0222273
148 0.0202594
149 0.0185415
150 0.0170331
151 0.0157015
152 0.01452
153 0.013467
154 0.0125245
155 0.0116775
156 0.0109136
157 0.0102222
158 0.00959451


102 0.0172434
103 0.0187741
104 0.020518
105 0.0225163
106 0.0248212
107 0.0274986
108 0.0306332
109 0.0343353
110 0.0387503
111 0.0440734
112 0.0505714
113 0.0586164
114 0.06874
115 0.0817225
116 0.0987465
117 0.121672
118 0.15356
119 0.199726
120 0.270045
121 0.384506
122 0.588287
123 0.99959
124 1.99036
125 4.85714
126 9.02578
127 4.605
128 1.90488
129 0.966903
130 0.573085
131 0.376349
132 0.265201
133 0.196627
134 0.151462
135 0.120189
136 0.0976594
137 0.0809026
138 0.0681067
139 0.0581172
140 0.050171
141 0.0437474
142 0.0384814
143 0.0341109
144 0.030444
145 0.0273376
146 0.0246831
147 0.0223969
148 0.0204141
149 0.0186832
150 0.0171633
151 0.0158216
152 0.0146311
153 0.0135701
154 0.0126203
155 0.0117669
156 0.0109972
157 0.0103005
158 0.00966803


Himmelblau, rosenbruck minina and Higgs parameters for central and forward at the top of out.txt (Likely in terminal as well)
