0.00316228 3.13916 0.00519838 0.00243265
0.00414044 3.1379 0.00680997 0.00369236
0.00511859 3.14075 0.00840867 0.000846479
0.00609677 3.13853 0.0100249 0.00305792
0.00707496 3.14186 0.0116171 0.000263388
0.008053 3.15253 0.0131628 0.0109365
0.00903139 3.11289 0.0150081 0.0287052
0.0100095 3.15199 0.0163646 0.0103961
0.0109877 3.13123 0.0181224 0.01036
0.011966 3.12085 0.0198206 0.020745
0.0129434 3.1476 0.0212012 0.00600326
0.0139225 3.13317 0.0229444 0.00842731
0.0149005 3.16874 0.0241831 0.0271462
0.015879 3.13767 0.0261194 0.00392246
0.0168574 3.15544 0.0275192 0.0138492
0.0178344 3.1285 0.0294483 0.0130939
0.0188144 3.14903 0.030799 0.0074339
0.0197913 3.20721 0.0315586 0.0656146
0.0207703 3.10095 0.0346803 0.0406436
0.0217494 3.1315 0.0358681 0.0100884
0.0227273 3.1219 0.0376295 0.0196918
0.0237023 3.17303 0.0383947 0.0314411
0.0246782 3.24482 0.0386308 0.103231
0.0256579 3.10467 0.0427779 0.0369185
0.0266406 3.13698 0.043834 0.00461607
0.0276184 3.11518 0.045853 0.0264134
0.0285948 3.13001 0.0471864 0.0115845
0.0295786 3.13211 0.0487672 0.00948417
0.0305566 3.1634 0.0497097 0.021806
0.0315283 3.12922 0.0520442 0.012368
0.0325128 3.13742 0.053486 0.00417193
0.0334825 3.16592 0.0544091 0.0243266
0.0344623 3.25416 0.0536892 0.112564
0.0354441 3.1407 0.0582275 0.000889136
0.0364179 3.18302 0.0587272 0.0414312
0.0373979 3.19441 0.059993 0.0528129
0.0383765 3.17526 0.0621032 0.0336651
0.0393445 3.15789 0.0641602 0.0163021
0.0403239 3.12846 0.0665844 0.0131374
0.0413096 3.21502 0.0656255 0.0734244
0.0422955 3.18426 0.0681671 0.0426649
0.0432742 3.16105 0.0704715 0.019456
0.0442374 3.19374 0.0709868 0.0521451
0.0452216 3.0184 0.0778396 0.123188
0.046225 3.12821 0.0763364 0.0133875
0.0471929 3.19822 0.0755717 0.0566256
0.0481683 3.33179 0.0718716 0.190194
0.0491473 3.07246 0.0829676 0.0691289
0.0501255 3.21608 0.0795898 0.0744877
0.0510976 3.13316 0.0842096 0.00843338
0.0520579 3.11111 0.0865702 0.0304815
0.0530745 3.04225 0.090596 0.0993391
0.0539949 3.31195 0.0815087 0.170361
0.054965 3.22659 0.0868288 0.0849934
0.0559893 3.31034 0.0845975 0.168752
0.0569803 3 0.0986928 0.141593
0.0579284 3.14094 0.0951554 0.000653056
0.0589256 3.11111 0.0979908 0.0304815
0.0598684 3.03943 0.102296 0.102166
0.0608581 3.05185 0.103523 0.0897408
0.0618984 3.04981 0.105371 0.0917842
0.0628695 3.05138 0.106963 0.0902093
0.0637577 3.23577 0.100261 0.0941797
0.0648204 3.15966 0.105623 0.0180712
0.0657952 3.04762 0.112093 0.0939736
0.0668153 3.08929 0.112072 0.0523069
0.0677285 3.08257 0.113898 0.0590238
0.0686803 3.28302 0.105371 0.141426
0.0696733 3.12621 0.115154 0.0153791
0.0707107 3.22 0.112062 0.0784073
0.0716115 3.26154 0.111137 0.119946
0.0725476 3.01053 0.125212 0.131066
0.0735215 3.24324 0.115181 0.101651
0.0745356 3.17778 0.120481 0.0361851
0.0755929 3.13143 0.124668 0.0101641
0.0764719 2.8538 0.138307 0.287791
0.0776151 3.20482 0.123903 0.0632266
0.0785674 3.03704 0.134361 0.104556
0.0795557 3.36709 0.116137 0.225496
0.0803219 2.99355 0.13942 0.148044
0.0813788 3.31126 0.122896 0.169666
0.0824786 3.12925 0.136147 0.012341
0.0833333 3.19444 0.133679 0.0528518
0.0842152 3.00709 0.145519 0.1345
0.0854358 3.38686 0.123117 0.245269
0.0863868 3.13433 0.142297 0.0072643
0.0873704 3.23664 0.137333 0.0950486
0.0883883 3.4375 0.122907 0.295907
0.0890871 2.92063 0.158175 0.220958
0.090167 3.15447 0.147257 0.0128789
0.0912871 3.13333 0.150431 0.00825932
0.0920575 2.98305 0.160339 0.158542
0.0932505 3.2 0.149201 0.0584073
0.0940721 3.11504 0.15619 0.0265484
0.0949158 3.13514 0.156293 0.00645752
0.096225 3.40741 0.136735 0.265815
0.0971286 3.20755 0.154853 0.0659545
0.0980581 3.19231 0.157456 0.050715
0.0990148 2.90196 0.176748 0.239632
0.1 3.24 0.15692 0.0984073


 Ellipsoid
N: 1000000 Area :25.15 Estimated error: 0.0239724 Actual error: 0.0172428


0.1 1.17228 0.158575 1.62541 0.166667
0.0912871 1.16319 0.165098 1.43694 0.0313932
0.0833333 1.17663 0.155447 1.2778 0.0828333
0.0762493 1.16394 0.164556 1.18956 0.146168
0.0696733 1.17209 0.158708 1.16816 0.161527
0.0636285 1.30935 0.0601863 1.33131 0.0444258
0.0581238 1.29125 0.0731782 1.46488 0.051448
0.0530745 1.26815 0.0897611 1.20043 0.138365
0.0484502 1.27207 0.0869433 1.25942 0.0960238
0.0442374 1.26704 0.0905593 1.15103 0.173824
0.0403896 1.29084 0.0734717 1.2226 0.122453
0.0368856 1.28508 0.0776056 1.24295 0.107848
0.0336718 1.2742 0.0854167 1.45062 0.0412146
0.0307438 1.31025 0.0595384 1.29025 0.0738965
0.0280717 1.30788 0.0612426 1.35635 0.0264491
0.0256326 1.29883 0.0677362 1.31054 0.0593328
0.0234018 1.30867 0.0606726 1.45543 0.0446657
0.0213638 1.3109 0.0590723 1.39225 0.000682865
0.0195031 1.3103 0.0595027 1.5582 0.118432
0.0178061 1.30781 0.0612916 1.36766 0.0183372
0.0162564 1.3186 0.0535487 1.39599 0.00200282
0.0148413 1.32262 0.0506636 1.48317 0.0645747
0.0135482 1.32217 0.0509894 1.4141 0.014996
0.0123683 1.33843 0.0393161 1.33919 0.0387706
0.011291 1.39393 0.000520058 1.35821 0.0251191
0.0103076 1.38057 0.00906532 1.30468 0.0635421
0.00940971 1.37917 0.0100719 1.38328 0.00712667
0.0085901 1.37207 0.0151697 1.34142 0.0371687
0.00784175 1.37091 0.0160018 1.35123 0.0301249
0.00715858 1.3697 0.0168686 1.37974 0.00966301
0.00653497 1.36325 0.021498 1.3669 0.0188828
0.00596561 1.36417 0.0208399 1.36473 0.0204378
0.00544589 1.38024 0.00930825 1.4221 0.020742
0.00497143 1.37695 0.0116634 1.3438 0.0354595
0.00453829 1.37224 0.0150452 1.34117 0.0373504
0.00414289 1.38628 0.00496817 1.43811 0.032232
0.00378194 1.38137 0.00849741 1.40553 0.00884509
0.00345242 1.38216 0.00792658 1.37133 0.0157006


0.1 0.0423965 0.085812 0.0462269
0.0912871 0.039296 0.0470707 0.0903904
0.0833333 0.0314138 0.011893 0.0729442
0.0762493 0.0383718 0.03005 0.0625018
0.0696733 0.035624 0.0534471 0.0140211
0.0636285 0.0239808 0.10982 0.0170597
0.0581238 0.0237709 0.0273807 0.0131241
0.0530745 0.0202467 0.000343223 8.36691e-05
0.0484502 0.016149 0.0689065 0.00785262
0.0442374 0.0118425 0.0302229 0.0198484
0.0403896 0.0129983 0.0480347 0.00911741
0.0368856 0.0073555 0.00504612 0.0203104
0.0336718 0.00919642 0.00293259 0.00251809
0.0307438 0.00835875 0.0105872 0.0279319
0.0280717 0.0049878 0.0293427 0.034138
0.0256326 0.00556231 0.0190496 0.0202225
0.0234018 0.00453451 0.0106036 0.00297957
0.0213638 0.0036771 0.000383407 0.0206664
0.0195031 0.00305304 0.0259061 0.019263
0.0178061 0.00217615 0.00449136 0.00885891
0.0162564 0.00225214 0.010553 0.0100106
0.0148413 0.00206465 0.0208582 0.00726049
0.0135482 0.00166562 0.0214409 0.000620675
0.0123683 0.00133382 0.00375804 0.0172828
0.011291 0.00140587 0.00267648 0.00885937
0.0103076 0.00105287 0.0079071 0.00201315
0.00940971 0.000970579 0.0103684 0.000667927
0.0085901 0.000718356 0.00181585 0.00526443
0.00784175 0.000526195 0.00147732 0.00628733
0.00715858 0.000527211 0.00198142 0.00488147
0.00653497 0.000480005 0.00282912 0.0102385
0.00596561 0.00032025 0.00773913 0.0043057
0.00544589 0.000349673 0.00143703 0.000495344
0.00497143 0.000298099 0.00516841 0.00282037
0.00453829 0.000272919 0.00385116 0.00595612
0.00414289 0.000188884 0.00193258 0.00129702
0.00378194 0.000157296 0.00014527 0.00225124
0.00345242 0.000122268 0.0023411 0.00087537
