-1 -0.367879 -0.367879
-0.98 -0.375085 -0.375085
-0.96 -0.381967 -0.381966
-0.94 -0.388495 -0.388495
-0.92 -0.39464 -0.39464
-0.9 -0.400372 -0.400372
-0.88 -0.405663 -0.405662
-0.86 -0.410482 -0.410482
-0.84 -0.414802 -0.414802
-0.82 -0.418595 -0.418595
-0.8 -0.421834 -0.421834
-0.78 -0.424492 -0.424492
-0.76 -0.426545 -0.426545
-0.74 -0.427969 -0.427969
-0.72 -0.42874 -0.42874
-0.7 -0.428838 -0.428838
-0.68 -0.428244 -0.428244
-0.66 -0.426938 -0.426938
-0.64 -0.424906 -0.424906
-0.62 -0.422133 -0.422133
-0.6 -0.418606 -0.418606
-0.58 -0.414316 -0.414316
-0.56 -0.409254 -0.409254
-0.54 -0.403416 -0.403416
-0.52 -0.396799 -0.396799
-0.5 -0.3894 -0.389401
-0.48 -0.381224 -0.381224
-0.46 -0.372273 -0.372273
-0.44 -0.362554 -0.362555
-0.42 -0.352079 -0.352079
-0.4 -0.340858 -0.340858
-0.38 -0.328906 -0.328906
-0.36 -0.316241 -0.316241
-0.34 -0.302883 -0.302883
-0.32 -0.288854 -0.288854
-0.3 -0.274179 -0.27418
-0.28 -0.258886 -0.258887
-0.26 -0.243005 -0.243005
-0.24 -0.226567 -0.226567
-0.22 -0.209606 -0.209606
-0.2 -0.192158 -0.192158
-0.18 -0.174261 -0.174262
-0.16 -0.155956 -0.155956
-0.14 -0.137283 -0.137283
-0.12 -0.118284 -0.118284
-0.1 -0.099005 -0.099005
-0.08 -0.0794896 -0.0794897
-0.06 -0.0597844 -0.0597844
-0.04 -0.0399361 -0.0399361
-0.02 -0.019992 -0.019992
0 0 1.69275e-08
0.02 0.019992 0.019992
0.04 0.0399361 0.0399361
0.06 0.0597844 0.0597845
0.08 0.0794896 0.0794897
0.1 0.099005 0.0990051
0.12 0.118284 0.118284
0.14 0.137283 0.137283
0.16 0.155956 0.155956
0.18 0.174261 0.174262
0.2 0.192158 0.192158
0.22 0.209606 0.209606
0.24 0.226567 0.226567
0.26 0.243005 0.243005
0.28 0.258886 0.258887
0.3 0.274179 0.27418
0.32 0.288854 0.288854
0.34 0.302883 0.302883
0.36 0.316241 0.316241
0.38 0.328906 0.328906
0.4 0.340858 0.340858
0.42 0.352079 0.352079
0.44 0.362554 0.362555
0.46 0.372273 0.372273
0.48 0.381224 0.381224
0.5 0.3894 0.389401
0.52 0.396799 0.396799
0.54 0.403416 0.403416
0.56 0.409254 0.409254
0.58 0.414316 0.414316
0.6 0.418606 0.418606
0.62 0.422133 0.422133
0.64 0.424906 0.424906
0.66 0.426938 0.426938
0.68 0.428244 0.428244
0.7 0.428838 0.428838
0.72 0.42874 0.42874
0.74 0.427969 0.427969
0.76 0.426545 0.426545
0.78 0.424492 0.424492
0.8 0.421834 0.421834
0.82 0.418595 0.418595
0.84 0.414802 0.414802
0.86 0.410482 0.410482
0.88 0.405663 0.405662
0.9 0.400372 0.400372
0.92 0.39464 0.39464
0.94 0.388495 0.388494
0.96 0.381967 0.381966
0.98 0.375085 0.375085


-1 0.353227 -1.46255e-25
-0.98 0.354983 -4.71659e-25
-0.96 0.352332 -1.50302e-24
-0.94 0.34498 -4.7328e-24
-0.92 0.332684 -1.47261e-23
-0.9 0.315257 -4.52763e-23
-0.88 0.292581 -1.37553e-22
-0.86 0.264606 -4.12934e-22
-0.84 0.231359 -1.22491e-21
-0.82 0.192951 -3.59035e-21
-0.8 0.149573 -1.03987e-20
-0.78 0.101504 -2.97599e-20
-0.76 0.0491083 -8.41572e-20
-0.74 -0.00716481 -2.35156e-19
-0.72 -0.0667838 -6.49272e-19
-0.7 -0.129139 -1.77133e-18
-0.68 -0.193549 -4.77502e-18
-0.66 -0.259268 -1.2719e-17
-0.64 -0.325492 -3.34755e-17
-0.62 -0.391374 -8.70563e-17
-0.6 -0.456032 -2.23702e-16
-0.58 -0.518561 -5.6798e-16
-0.56 -0.578048 -1.42492e-15
-0.54 -0.633588 -3.53213e-15
-0.52 -0.684293 -8.65112e-15
-0.5 -0.729313 -2.09361e-14
-0.48 -0.767846 -5.00616e-14
-0.46 -0.799156 -1.18276e-13
-0.44 -0.822582 -2.76102e-13
-0.42 -0.837558 -6.36826e-13
-0.4 -0.843616 -1.45127e-12
-0.38 -0.840405 -3.26776e-12
-0.36 -0.827692 -7.26981e-12
-0.34 -0.805376 -1.59796e-11
-0.32 -0.773486 -3.47034e-11
-0.3 -0.73219 -7.44634e-11
-0.28 -0.68179 -1.5786e-10
-0.26 -0.622724 -3.30644e-10
-0.24 -0.555561 -6.84229e-10
-0.22 -0.480993 -1.39892e-09
-0.2 -0.399829 -2.82572e-09
-0.18 -0.312983 -5.63908e-09
-0.16 -0.22146 -1.1118e-08
-0.14 -0.126344 -2.16559e-08
-0.12 -0.0287821 -4.16733e-08
-0.1 0.0700334 -7.92253e-08
-0.08 0.168883 -1.48795e-07
-0.06 0.266538 -2.76076e-07
-0.04 0.361778 -5.06033e-07
-0.02 0.453415 -9.16285e-07
0 0.540302 -1.639e-06
0.02 0.621361 -2.89613e-06
0.04 0.695593 -5.05523e-06
0.06 0.762094 -8.71642e-06
0.08 0.82007 -1.48458e-05
0.1 0.86885 -2.49763e-05
0.12 0.907893 -4.15053e-05
0.14 0.936794 -6.8127e-05
0.16 0.955295 -0.00011045
0.18 0.963283 -0.00017686
0.2 0.960789 -0.000279706
0.22 0.947993 -0.000436886
0.24 0.92521 -0.000673932
0.26 0.89289 -0.00102667
0.28 0.851608 -0.00154451
0.3 0.80205 -0.00229449
0.32 0.745004 -0.00336585
0.34 0.681346 -0.00487524
0.36 0.61202 -0.00697217
0.38 0.538029 -0.0098443
0.4 0.460415 -0.0137221
0.42 0.380242 -0.0188819
0.44 0.298578 -0.0256464
0.46 0.216484 -0.0343816
0.48 0.134991 -0.045489
0.5 0.0550902 -0.0593909
0.52 -0.0222814 -0.0765099
0.54 -0.0962555 -0.0972392
0.56 -0.166042 -0.121907
0.58 -0.230938 -0.150731
0.6 -0.290336 -0.183773
0.62 -0.343729 -0.220886
0.64 -0.390715 -0.261668
0.66 -0.430998 -0.305422
0.68 -0.464389 -0.351122
0.7 -0.490802 -0.397415
0.72 -0.510254 -0.442625
0.74 -0.522858 -0.484803
0.76 -0.528816 -0.521794
0.78 -0.528416 -0.551342
0.8 -0.522016 -0.571214
0.82 -0.51004 -0.579344
0.84 -0.49297 -0.573986
0.86 -0.471329 -0.553859
0.88 -0.445675 -0.518279
0.9 -0.41659 -0.46726
0.92 -0.38467 -0.401567
0.94 -0.350513 -0.322727
0.96 -0.314712 -0.23298
0.98 -0.277843 -0.135177


-1 0.353227 2.23445e-08
-0.98 0.354983 3.72809e-08
-0.96 0.352332 6.17732e-08
-0.94 0.34498 1.01649e-07
-0.92 0.332684 1.6611e-07
-0.9 0.315257 2.69565e-07
-0.88 0.292581 4.34414e-07
-0.86 0.264606 6.95197e-07
-0.84 0.231359 1.10477e-06
-0.82 0.192951 1.74334e-06
-0.8 0.149573 2.73172e-06
-0.78 0.101504 4.25036e-06
-0.76 0.0491083 6.56662e-06
-0.74 -0.00716481 1.00734e-05
-0.72 -0.0667838 1.53433e-05
-0.7 -0.129139 2.32039e-05
-0.68 -0.193549 3.48414e-05
-0.66 -0.259268 5.19412e-05
-0.64 -0.325492 7.68775e-05
-0.62 -0.391374 0.000112966
-0.6 -0.456032 0.000164796
-0.58 -0.518561 0.000238663
-0.56 -0.578048 0.000343124
-0.54 -0.633588 0.000489702
-0.52 -0.684293 0.000693772
-0.5 -0.729313 0.000975644
-0.48 -0.767846 0.00136189
-0.46 -0.799156 0.00188693
-0.44 -0.822582 0.00259487
-0.42 -0.837558 0.00354167
-0.4 -0.843616 0.00479751
-0.38 -0.840405 0.00644942
-0.36 -0.827692 0.0086041
-0.34 -0.805376 0.0113907
-0.32 -0.773486 0.0149637
-0.3 -0.73219 0.0195049
-0.28 -0.68179 0.0252258
-0.26 -0.622724 0.0323684
-0.24 -0.555561 0.0412044
-0.22 -0.480993 0.052034
-0.2 -0.399829 0.0651812
-0.18 -0.312983 0.0809876
-0.16 -0.22146 0.0998028
-0.14 -0.126344 0.121972
-0.12 -0.0287821 0.147819
-0.1 0.0700334 0.177628
-0.08 0.168883 0.211623
-0.06 0.266538 0.249939
-0.04 0.361778 0.292597
-0.02 0.453415 0.339481
0 0.540302 0.390306
0.02 0.621361 0.444599
0.04 0.695593 0.501681
0.06 0.762094 0.560654
0.08 0.82007 0.620403
0.1 0.86885 0.6796
0.12 0.907893 0.736732
0.14 0.936794 0.79013
0.16 0.955295 0.838023
0.18 0.963283 0.878597
0.2 0.960789 0.91007
0.22 0.947993 0.930769
0.24 0.92521 0.93922
0.26 0.89289 0.93423
0.28 0.851608 0.914969
0.3 0.80205 0.881035
0.32 0.745004 0.832509
0.34 0.681346 0.769985
0.36 0.61202 0.694577
0.38 0.538029 0.607892
0.4 0.460415 0.511987
0.42 0.380242 0.409287
0.44 0.298578 0.302485
0.46 0.216484 0.194422
0.48 0.134991 0.0879558
0.5 0.0550902 -0.0141756
0.52 -0.0222814 -0.109486
0.54 -0.0962555 -0.19586
0.56 -0.166042 -0.271651
0.58 -0.230938 -0.335749
0.6 -0.290336 -0.387623
0.62 -0.343729 -0.427324
0.64 -0.390715 -0.45545
0.66 -0.430998 -0.473087
0.68 -0.464389 -0.481718
0.7 -0.490802 -0.483107
0.72 -0.510254 -0.479185
0.74 -0.522858 -0.471909
0.76 -0.528816 -0.463154
0.78 -0.528416 -0.454592
0.8 -0.522016 -0.447608
0.82 -0.51004 -0.443236
0.84 -0.49297 -0.442121
0.86 -0.471329 -0.444511
0.88 -0.445675 -0.450278
0.9 -0.41659 -0.458959
0.92 -0.38467 -0.46982
0.94 -0.350513 -0.481929
0.96 -0.314712 -0.494239
0.98 -0.277843 -0.505671


-1 0.353227 -0.0110869
-0.98 0.354983 -0.0142154
-0.96 0.352332 -0.0181063
-0.94 0.34498 -0.0229093
-0.92 0.332684 -0.0287933
-0.9 0.315257 -0.0359467
-0.88 0.292581 -0.0445758
-0.86 0.264606 -0.0549033
-0.84 0.231359 -0.0671648
-0.82 0.192951 -0.0816042
-0.8 0.149573 -0.0984673
-0.78 0.101504 -0.117994
-0.76 0.0491083 -0.14041
-0.74 -0.00716481 -0.165913
-0.72 -0.0667838 -0.194661
-0.7 -0.129139 -0.226762
-0.68 -0.193549 -0.262254
-0.66 -0.259268 -0.301091
-0.64 -0.325492 -0.343132
-0.62 -0.391374 -0.388124
-0.6 -0.456032 -0.435689
-0.58 -0.518561 -0.485318
-0.56 -0.578048 -0.536365
-0.54 -0.633588 -0.588044
-0.52 -0.684293 -0.639437
-0.5 -0.729313 -0.6895
-0.48 -0.767846 -0.737083
-0.46 -0.799156 -0.780951
-0.44 -0.822582 -0.819817
-0.42 -0.837558 -0.85237
-0.4 -0.843616 -0.877323
-0.38 -0.840405 -0.893448
-0.36 -0.827692 -0.899629
-0.34 -0.805376 -0.894903
-0.32 -0.773486 -0.878504
-0.3 -0.73219 -0.849902
-0.28 -0.68179 -0.80884
-0.26 -0.622724 -0.755357
-0.24 -0.555561 -0.689803
-0.22 -0.480993 -0.61285
-0.2 -0.399829 -0.525477
-0.18 -0.312983 -0.428963
-0.16 -0.22146 -0.324845
-0.14 -0.126344 -0.214891
-0.12 -0.0287821 -0.101038
-0.1 0.0700334 0.0146564
-0.08 0.168883 0.130077
-0.06 0.266538 0.243119
-0.04 0.361778 0.351746
-0.02 0.453415 0.454056
0 0.540302 0.548331
0.02 0.621361 0.633088
0.04 0.695593 0.707113
0.06 0.762094 0.769489
0.08 0.82007 0.819612
0.1 0.86885 0.857188
0.12 0.907893 0.882228
0.14 0.936794 0.895024
0.16 0.955295 0.896126
0.18 0.963283 0.886296
0.2 0.960789 0.866472
0.22 0.947993 0.837722
0.24 0.92521 0.801193
0.26 0.89289 0.758064
0.28 0.851608 0.70951
0.3 0.80205 0.656653
0.32 0.745004 0.600536
0.34 0.681346 0.542093
0.36 0.61202 0.482133
0.38 0.538029 0.421327
0.4 0.460415 0.360209
0.42 0.380242 0.299177
0.44 0.298578 0.238507
0.46 0.216484 0.178377
0.48 0.134991 0.118881
0.5 0.0550902 0.0600659
0.52 -0.0222814 0.00195854
0.54 -0.0962555 -0.0554035
0.56 -0.166042 -0.11194
0.58 -0.230938 -0.167502
0.6 -0.290336 -0.221845
0.62 -0.343729 -0.274611
0.64 -0.390715 -0.325321
0.66 -0.430998 -0.373369
0.68 -0.464389 -0.418028
0.7 -0.490802 -0.458468
0.72 -0.510254 -0.493779
0.74 -0.522858 -0.523006
0.76 -0.528816 -0.545187
0.78 -0.528416 -0.559406
0.8 -0.522016 -0.564834
0.82 -0.51004 -0.560787
0.84 -0.49297 -0.546771
0.86 -0.471329 -0.522523
0.88 -0.445675 -0.488048
0.9 -0.41659 -0.443642
0.92 -0.38467 -0.389904
0.94 -0.350513 -0.327732
0.96 -0.314712 -0.258303
0.98 -0.277843 -0.183048


-1 0.353227 0.359753
-0.98 0.354983 0.357755
-0.96 0.352332 0.352321
-0.94 0.34498 0.343083
-0.92 0.332684 0.329701
-0.9 0.315257 0.31187
-0.88 0.292581 0.289336
-0.86 0.264606 0.261907
-0.84 0.231359 0.229468
-0.82 0.192951 0.191993
-0.8 0.149573 0.149551
-0.78 0.101504 0.102319
-0.76 0.0491083 0.0505818
-0.74 -0.00716481 -0.00526193
-0.72 -0.0667838 -0.0647039
-0.7 -0.129139 -0.127131
-0.68 -0.193549 -0.191832
-0.66 -0.259268 -0.258015
-0.64 -0.325492 -0.324816
-0.62 -0.391374 -0.391318
-0.6 -0.456032 -0.456573
-0.58 -0.518561 -0.519614
-0.56 -0.578048 -0.57948
-0.54 -0.633588 -0.635234
-0.52 -0.684293 -0.685976
-0.5 -0.729313 -0.73086
-0.48 -0.767846 -0.769109
-0.46 -0.799156 -0.800025
-0.44 -0.822582 -0.822998
-0.42 -0.837558 -0.837511
-0.4 -0.843616 -0.84315
-0.38 -0.840405 -0.839607
-0.36 -0.827692 -0.826682
-0.34 -0.805376 -0.804293
-0.32 -0.773486 -0.77247
-0.3 -0.73219 -0.731366
-0.28 -0.68179 -0.681259
-0.26 -0.622724 -0.622547
-0.24 -0.555561 -0.555757
-0.22 -0.480993 -0.481537
-0.2 -0.399829 -0.400658
-0.18 -0.312983 -0.314001
-0.16 -0.22146 -0.222554
-0.14 -0.126344 -0.127395
-0.12 -0.0287821 -0.0296789
-0.1 0.0700334 0.0693816
-0.08 0.168883 0.168538
-0.06 0.266538 0.266525
-0.04 0.361778 0.362088
-0.02 0.453415 0.454001
0 0.540302 0.541092
0.02 0.621361 0.622263
0.04 0.695593 0.696507
0.06 0.762094 0.762923
0.08 0.82007 0.820731
0.1 0.86885 0.869282
0.12 0.907893 0.90806
0.14 0.936794 0.936694
0.16 0.955295 0.954951
0.18 0.963283 0.962744
0.2 0.960789 0.960124
0.22 0.947993 0.947278
0.24 0.92521 0.924526
0.26 0.89289 0.892311
0.28 0.851608 0.851193
0.3 0.80205 0.801842
0.32 0.745004 0.745022
0.34 0.681346 0.681586
0.36 0.61202 0.61246
0.38 0.538029 0.538628
0.4 0.460415 0.46112
0.42 0.380242 0.380992
0.44 0.298578 0.299312
0.46 0.216484 0.217145
0.48 0.134991 0.135532
0.5 0.0550902 0.0554754
0.52 -0.0222814 -0.0220732
0.54 -0.0962555 -0.0962303
0.56 -0.166042 -0.166191
0.58 -0.230938 -0.231239
0.6 -0.290336 -0.290758
0.62 -0.343729 -0.344231
0.64 -0.390715 -0.391252
0.66 -0.430998 -0.431524
0.68 -0.464389 -0.464858
0.7 -0.490802 -0.491173
0.72 -0.510254 -0.510492
0.74 -0.522858 -0.522936
0.76 -0.528816 -0.528718
0.78 -0.528416 -0.528137
0.8 -0.522016 -0.521566
0.82 -0.51004 -0.509446
0.84 -0.49297 -0.492274
0.86 -0.471329 -0.470595
0.88 -0.445675 -0.444987
0.9 -0.41659 -0.416056
0.92 -0.38467 -0.384421
0.94 -0.350513 -0.350703
0.96 -0.314712 -0.31552
0.98 -0.277843 -0.279472


-1 -0.367934 -0.365592 0.72904 0.316043
-0.98 -0.375111 -0.350347 0.803561 0.308613
-0.96 -0.381969 -0.333608 0.878443 0.301042
-0.94 -0.388478 -0.315369 0.953385 0.293337
-0.92 -0.39461 -0.295634 1.02808 0.285506
-0.9 -0.400332 -0.27441 1.10219 0.277523
-0.88 -0.405617 -0.251711 1.17541 0.269467
-0.86 -0.410434 -0.227558 1.24738 0.26131
-0.84 -0.414755 -0.20198 1.31776 0.253061
-0.82 -0.418551 -0.175011 1.38621 0.24473
-0.8 -0.421795 -0.146694 1.45238 0.236306
-0.78 -0.424461 -0.117076 1.5159 0.227847
-0.76 -0.426523 -0.0862149 1.57645 0.219341
-0.74 -0.427956 -0.0541726 1.63366 0.210799
-0.72 -0.428737 -0.021019 1.68721 0.202235
-0.7 -0.428846 0.0131696 1.73677 0.193661
-0.68 -0.428262 0.0483102 1.78201 0.185092
-0.66 -0.426966 0.0843138 1.82264 0.176541
-0.64 -0.424943 0.121085 1.85835 0.168023
-0.62 -0.422178 0.158524 1.88888 0.159552
-0.6 -0.418658 0.196523 1.91398 0.151145
-0.58 -0.414374 0.234973 1.9334 0.142815
-0.56 -0.409317 0.273757 1.94694 0.134578
-0.54 -0.403481 0.312756 1.95441 0.12645
-0.52 -0.396865 0.351847 1.95565 0.118446
-0.5 -0.389466 0.390904 1.95053 0.110583
-0.48 -0.381287 0.429799 1.93894 0.102826
-0.46 -0.372332 0.468401 1.92081 0.0952996
-0.44 -0.362608 0.50658 1.89609 0.087958
-0.42 -0.352126 0.544203 1.86477 0.0808168
-0.4 -0.340896 0.581139 1.82688 0.0738912
-0.38 -0.328935 0.617256 1.78246 0.0671963
-0.36 -0.316261 0.652424 1.7316 0.0607468
-0.34 -0.302892 0.686515 1.67441 0.0545569
-0.32 -0.288852 0.719405 1.61106 0.0486405
-0.3 -0.274166 0.750972 1.54171 0.0430108
-0.28 -0.258862 0.781096 1.46658 0.0376807
-0.26 -0.242969 0.809667 1.38592 0.0326622
-0.24 -0.22652 0.836574 1.29999 0.0279669
-0.22 -0.20955 0.861715 1.20911 0.0236058
-0.2 -0.192093 0.884994 1.11358 0.0195888
-0.18 -0.174189 0.906322 1.01377 0.0159254
-0.16 -0.155877 0.925616 0.910044 0.0126242
-0.14 -0.137199 0.942802 0.802802 0.00969288
-0.12 -0.118198 0.957813 0.692456 0.00713843
-0.1 -0.0989167 0.970591 0.579433 0.00496687
-0.08 -0.0794017 0.981087 0.464179 0.00318333
-0.06 -0.0596986 0.98926 0.347147 0.00179206
-0.04 -0.0398543 0.995079 0.228803 0.000796332
-0.02 -0.019916 0.998523 0.109616 0.000198513
0 6.84511e-05 0.999578 -0.00993878 -0
0.02 0.0200513 0.998241 -0.12962 0.00020124
0.04 0.0399847 0.994514 -0.248716 0.000801722
0.06 0.059821 0.988414 -0.366756 0.00179998
0.08 0.0795131 0.979968 -0.483274 0.0031936
0.1 0.0990144 0.969209 -0.597813 0.00497923
0.12 0.118279 0.956182 -0.709928 0.00715258
0.14 0.137262 0.940938 -0.81919 0.00970848
0.16 0.15592 0.923539 -0.925185 0.0126408
0.18 0.174211 0.904055 -1.02752 0.0159427
0.2 0.192093 0.882561 -1.12581 0.0196063
0.22 0.209527 0.859142 -1.21972 0.0236231
0.24 0.226475 0.833889 -1.30892 0.0279835
0.26 0.242902 0.806898 -1.39309 0.0326777
0.28 0.258774 0.778274 -1.47198 0.0376946
0.3 0.27406 0.748123 -1.54533 0.0430228
0.32 0.288729 0.716558 -1.61293 0.0486501
0.34 0.302755 0.683697 -1.67458 0.0545639
0.36 0.316113 0.649659 -1.73015 0.060751
0.38 0.32878 0.614568 -1.7795 0.0671974
0.4 0.340737 0.578549 -1.82253 0.0738891
0.42 0.351967 0.541728 -1.8592 0.0808115
0.44 0.362453 0.504234 -1.88946 0.0879497
0.46 0.372185 0.466194 -1.91333 0.0952883
0.48 0.381153 0.427735 -1.93083 0.102812
0.5 0.389349 0.388986 -1.94201 0.110566
0.52 0.396768 0.35007 -1.94702 0.118428
0.54 0.403409 0.311112 -1.94585 0.12643
0.56 0.409272 0.272232 -1.93875 0.134556
0.58 0.414359 0.233548 -1.92587 0.142793
0.6 0.418675 0.195173 -1.90738 0.151123
0.62 0.422228 0.157218 -1.88351 0.159531
0.64 0.425027 0.119789 -1.85448 0.168003
0.66 0.427083 0.0829852 -1.82055 0.176523
0.68 0.42841 0.0469035 -1.78198 0.185076
0.7 0.429023 0.0116336 -1.73906 0.193649
0.72 0.428939 -0.0227403 -1.69208 0.202227
0.74 0.428177 -0.0561397 -1.64136 0.210795
0.76 0.426756 -0.0884927 -1.5872 0.219342
0.78 0.424699 -0.119734 -1.52992 0.227853
0.8 0.422028 -0.149803 -1.46986 0.236317
0.82 0.418767 -0.178648 -1.40734 0.244744
0.84 0.414941 -0.206223 -1.3427 0.253079
0.86 0.410575 -0.232488 -1.27626 0.261332
0.88 0.405697 -0.25741 -1.20836 0.269491
0.9 0.400333 -0.280964 -1.13931 0.277548
0.92 0.39451 -0.303128 -1.06944 0.28553
0.94 0.388257 -0.32389 -0.999051 0.293358
0.96 0.381602 -0.343242 -0.928452 0.301057
0.98 0.374572 -0.361182 -0.857934 0.308619


-1 -0.367879 -0.367879 0.735759 0.31606
-0.98 -0.375085 -0.352427 0.809583 0.30863
-0.96 -0.381967 -0.335494 0.883718 0.301059
-0.94 -0.388495 -0.317078 0.957873 0.293354
-0.92 -0.39464 -0.297181 1.03175 0.285522
-0.9 -0.400372 -0.275812 1.10503 0.277571
-0.88 -0.405663 -0.252986 1.1774 0.26951
-0.86 -0.410482 -0.228724 1.24852 0.261348
-0.84 -0.414802 -0.203056 1.31808 0.253094
-0.82 -0.418595 -0.176014 1.38572 0.244759
-0.8 -0.421834 -0.147642 1.45111 0.236354
-0.78 -0.424492 -0.117987 1.51391 0.22789
-0.76 -0.426545 -0.087105 1.57378 0.219378
-0.74 -0.427969 -0.0550576 1.63039 0.210832
-0.72 -0.42874 -0.0219134 1.68341 0.202264
-0.7 -0.428838 0.0122525 1.73251 0.193687
-0.68 -0.428244 0.0473587 1.77738 0.185115
-0.66 -0.426938 0.0833177 1.81773 0.176562
-0.64 -0.424906 0.120036 1.85327 0.168042
-0.62 -0.422133 0.157415 1.88372 0.15957
-0.6 -0.418606 0.195349 1.90884 0.151162
-0.58 -0.414316 0.233731 1.92839 0.142831
-0.56 -0.409254 0.272446 1.94216 0.134594
-0.54 -0.403416 0.311378 1.94995 0.126466
-0.52 -0.396799 0.350404 1.95161 0.118463
-0.5 -0.3894 0.3894 1.947 0.1106
-0.48 -0.381224 0.428241 1.93601 0.102892
-0.46 -0.372273 0.466798 1.91854 0.0953558
-0.44 -0.362554 0.504939 1.89456 0.0880063
-0.42 -0.352079 0.542537 1.86405 0.0808587
-0.4 -0.340858 0.579458 1.827 0.0739281
-0.38 -0.328906 0.615573 1.78346 0.0672293
-0.36 -0.316241 0.650753 1.73351 0.0607766
-0.34 -0.302883 0.684871 1.67724 0.0545843
-0.32 -0.288854 0.717802 1.61481 0.0486658
-0.3 -0.274179 0.749424 1.54637 0.0430344
-0.28 -0.258886 0.779618 1.47213 0.0377027
-0.26 -0.243005 0.808272 1.39232 0.0326829
-0.24 -0.226567 0.835276 1.3072 0.0279863
-0.22 -0.209606 0.860526 1.21705 0.0236237
-0.2 -0.192158 0.883926 1.1222 0.0196053
-0.18 -0.174261 0.905385 1.02298 0.0159404
-0.16 -0.155956 0.924819 0.919766 0.0126375
-0.14 -0.137283 0.942152 0.812933 0.00970458
-0.12 -0.118284 0.957315 0.702893 0.00714841
-0.1 -0.099005 0.970249 0.59007 0.00497508
-0.08 -0.0794896 0.980902 0.474903 0.00318978
-0.06 -0.0597844 0.989232 0.357845 0.00179676
-0.04 -0.0399361 0.995206 0.239361 0.00079936
-0.02 -0.019992 0.9988 0.11992 0.00019996
0 0 1 -0 0
0.02 0.019992 0.9988 -0.11992 0.00019996
0.04 0.0399361 0.995206 -0.239361 0.00079936
0.06 0.0597844 0.989232 -0.357845 0.00179676
0.08 0.0794896 0.980902 -0.474903 0.00318978
0.1 0.099005 0.970249 -0.59007 0.00497508
0.12 0.118284 0.957315 -0.702893 0.00714841
0.14 0.137283 0.942152 -0.812933 0.00970458
0.16 0.155956 0.924819 -0.919766 0.0126375
0.18 0.174261 0.905385 -1.02298 0.0159404
0.2 0.192158 0.883926 -1.1222 0.0196053
0.22 0.209606 0.860526 -1.21705 0.0236237
0.24 0.226567 0.835276 -1.3072 0.0279863
0.26 0.243005 0.808272 -1.39232 0.0326829
0.28 0.258886 0.779618 -1.47213 0.0377027
0.3 0.274179 0.749424 -1.54637 0.0430344
0.32 0.288854 0.717802 -1.61481 0.0486658
0.34 0.302883 0.684871 -1.67724 0.0545843
0.36 0.316241 0.650753 -1.73351 0.0607766
0.38 0.328906 0.615573 -1.78346 0.0672293
0.4 0.340858 0.579458 -1.827 0.0739281
0.42 0.352079 0.542537 -1.86405 0.0808587
0.44 0.362554 0.504939 -1.89456 0.0880063
0.46 0.372273 0.466798 -1.91854 0.0953558
0.48 0.381224 0.428241 -1.93601 0.102892
0.5 0.3894 0.3894 -1.947 0.1106
0.52 0.396799 0.350404 -1.95161 0.118463
0.54 0.403416 0.311378 -1.94995 0.126466
0.56 0.409254 0.272446 -1.94216 0.134594
0.58 0.414316 0.233731 -1.92839 0.142831
0.6 0.418606 0.195349 -1.90884 0.151162
0.62 0.422133 0.157415 -1.88372 0.15957
0.64 0.424906 0.120036 -1.85327 0.168042
0.66 0.426938 0.0833177 -1.81773 0.176562
0.68 0.428244 0.0473587 -1.77738 0.185115
0.7 0.428838 0.0122525 -1.73251 0.193687
0.72 0.42874 -0.0219134 -1.68341 0.202264
0.74 0.427969 -0.0550576 -1.63039 0.210832
0.76 0.426545 -0.087105 -1.57378 0.219378
0.78 0.424492 -0.117987 -1.51391 0.22789
0.8 0.421834 -0.147642 -1.45111 0.236354
0.82 0.418595 -0.176014 -1.38572 0.244759
0.84 0.414802 -0.203056 -1.31808 0.253094
0.86 0.410482 -0.228724 -1.24852 0.261348
0.88 0.405663 -0.252986 -1.1774 0.26951
0.9 0.400372 -0.275812 -1.10503 0.277571
0.92 0.39464 -0.297181 -1.03175 0.285522
0.94 0.388495 -0.317078 -0.957873 0.293354
0.96 0.381967 -0.335494 -0.883718 0.301059
0.98 0.375085 -0.352427 -0.809583 0.30863


-1 0.339925 0.688986 -18.0221 0.234421
-0.98 0.350464 0.330874 -17.7675 0.241338
-0.96 0.353887 -0.02135 -17.4242 0.248394
-0.94 0.350329 -0.36589 -16.9899 0.255446
-0.92 0.339959 -0.700899 -16.4618 0.262365
-0.9 0.322987 -1.02448 -15.8373 0.269009
-0.88 0.299658 -1.33467 -15.1135 0.275662
-0.86 0.270259 -1.62946 -14.288 0.281268
-0.84 0.235116 -1.90681 -13.3582 0.286043
-0.82 0.194599 -2.16459 -12.3221 0.290349
-0.8 0.149117 -2.40067 -11.1781 0.293794
-0.78 0.0991263 -2.61287 -9.92533 0.296282
-0.76 0.0451234 -2.79903 -8.56397 0.297731
-0.74 -0.0123501 -2.95698 -7.09539 0.298063
-0.72 -0.0727099 -3.0846 -5.52251 0.297216
-0.7 -0.13533 -3.17983 -3.85001 0.295138
-0.68 -0.199544 -3.24075 -2.08467 0.291791
-0.66 -0.264648 -3.26558 -0.235548 0.287149
-0.64 -0.329905 -3.25275 1.68574 0.28119
-0.62 -0.394548 -3.20092 3.66488 0.273935
-0.6 -0.457788 -3.10911 5.68478 0.265412
-0.58 -0.518816 -2.97668 7.72548 0.255644
-0.56 -0.576818 -2.80341 9.76427 0.244684
-0.54 -0.630976 -2.58957 11.7758 0.232602
-0.52 -0.680486 -2.33596 13.7325 0.219425
-0.5 -0.724562 -2.04395 15.6046 0.205381
-0.48 -0.762454 -1.71551 17.3609 0.190513
-0.46 -0.793456 -1.35327 18.9695 0.174952
-0.44 -0.816919 -0.960474 20.3979 0.158843
-0.42 -0.832268 -0.54103 21.6143 0.142344
-0.4 -0.83901 -0.0994642 22.5884 0.125621
-0.38 -0.836748 0.359105 23.2916 0.108851
-0.36 -0.825195 0.829017 23.6989 0.0922186
-0.34 -0.80418 1.30414 23.7888 0.075892
-0.32 -0.773659 1.77797 23.5448 0.0601041
-0.3 -0.733721 2.2437 22.9556 0.0450194
-0.28 -0.684594 2.69438 22.0162 0.0307278
-0.26 -0.626644 3.12298 20.7281 0.0176442
-0.24 -0.560378 3.52261 19.0997 0.00578819
-0.22 -0.48644 3.8866 17.1467 -0.00467555
-0.2 -0.405604 4.20864 14.8918 -0.0135976
-0.18 -0.318764 4.48296 12.3643 -0.0208459
-0.16 -0.226925 4.70444 9.60048 -0.0263084
-0.14 -0.131187 4.86873 6.64203 -0.0298947
-0.12 -0.0327301 4.97238 3.53589 -0.0315375
-0.1 0.0672071 5.0129 0.333039 -0.0311945
-0.08 0.167346 4.98887 -2.91254 -0.0288484
-0.06 0.266388 4.89996 -6.14511 -0.0245083
-0.04 0.363041 4.74697 -9.3084 -0.018209
-0.02 0.456038 4.53179 -12.347 -0.0100111
0 0.544161 4.25746 -15.2075 -0
0.02 0.626263 3.92765 -17.845 0.0117152
0.04 0.701285 3.54763 -20.208 0.0250033
0.06 0.76828 3.12327 -22.2565 0.039713
0.08 0.826423 2.6612 -23.957 0.055675
0.1 0.875028 2.16862 -25.2835 0.072705
0.12 0.913557 1.6532 -26.2176 0.0906058
0.14 0.941628 1.12289 -26.7491 0.109171
0.16 0.959021 0.585783 -26.876 0.128187
0.18 0.965675 0.0499101 -26.6044 0.147438
0.2 0.96169 -0.476877 -25.9481 0.166756
0.22 0.947318 -0.987073 -24.9281 0.185862
0.24 0.922958 -1.47366 -23.572 0.204578
0.26 0.889143 -1.93021 -21.9127 0.222711
0.28 0.846528 -2.35102 -19.988 0.240077
0.3 0.795874 -2.73117 -17.8394 0.256507
0.32 0.738034 -3.06658 -15.5106 0.27185
0.34 0.673932 -3.35408 -13.0468 0.28597
0.36 0.604549 -3.59139 -10.4935 0.29878
0.38 0.530901 -3.77715 -7.89559 0.310159
0.4 0.454026 -3.91086 -5.29594 0.320012
0.42 0.37496 -3.99288 -2.73505 0.328303
0.44 0.294727 -4.02432 -0.250067 0.335
0.46 0.214322 -4.00703 2.12578 0.340089
0.48 0.134697 -3.94346 4.36365 0.343576
0.5 0.0567501 -3.8366 6.43935 0.345486
0.52 -0.0186859 -3.68988 8.33358 0.345866
0.54 -0.0908484 -3.50707 10.0319 0.34478
0.56 -0.159053 -3.29218 11.5247 0.342295
0.58 -0.222697 -3.04937 12.807 0.338497
0.6 -0.281262 -2.78287 13.878 0.333481
0.62 -0.334314 -2.49688 14.7408 0.327356
0.64 -0.381499 -2.19551 15.402 0.320065
0.66 -0.422549 -1.88269 15.8714 0.312017
0.68 -0.457269 -1.56216 16.1608 0.303212
0.7 -0.485536 -1.23739 16.2844 0.293776
0.72 -0.507297 -0.911554 16.2575 0.283826
0.74 -0.522556 -0.587512 16.0965 0.273519
0.76 -0.531373 -0.267791 15.8183 0.262972
0.78 -0.533855 0.0454213 15.4398 0.252313
0.8 -0.530149 0.350272 14.9776 0.241667
0.82 -0.520437 0.645238 14.4479 0.231155
0.84 -0.504928 0.929105 13.8656 0.220866
0.86 -0.483852 1.20096 13.2451 0.210968
0.88 -0.457457 1.46015 12.599 0.201546
0.9 -0.425998 1.70627 11.939 0.192703
0.92 -0.389739 1.93914 11.2753 0.184538
0.94 -0.348945 2.15877 10.6165 0.177144
0.96 -0.303879 2.36533 9.97018 0.170608
0.98 -0.2548 2.55912 9.34231 0.165015
