C 4.95808 0.170369 
SIGMA
 0.0012524 0.00019667 
0.00019667  5.105e-05 
Coefficients 4.95808 0.170369 

Measured halftime is: 4.0685+-0.170624 Days.
Actual value: 3.632 Days. The result is off by 2.55824 standard deviations


1 4.76217 0.0512821
2 4.60517 0.05
3 4.47734 0.0454545
4 4.27667 0.0555556
6 3.97029 0.0754717
9 3.38439 0.101695
10 3.23868 0.117647
13 2.7213 0.131579
15 2.40695 0.18018



1 4.78772 4.83025 4.74518
2 4.61735 4.66703 4.56767
3 4.44698 4.5038 4.39015
4 4.27661 4.34058 4.21264
6 3.93587 4.01413 3.85761
9 3.42476 3.52446 3.32507
10 3.25439 3.36123 3.14755
13 2.74328 2.87156 2.61501
15 2.40255 2.54511 2.25998



1 117 6
2 100 5
3 88 4
4 72 4
6 53 4
9 29.5 3
10 25.5 3
13 15.2 2
15 11.1 2



1 120.027 125.242 115.029
2 101.225 106.381 96.3191
3 85.3685 90.36 80.6527
4 71.9958 76.7518 67.5345
6 51.2066 55.375 47.352
9 30.7153 33.9353 27.8009
10 25.9039 28.8247 23.279
13 15.5379 17.6645 13.6674
15 11.0513 12.7446 9.58292
