Task A2
Matrix A
         3          2          1          9 
         6          7          8          2 
         7          0          7          2 
         5          9          9          8 
         3          3          2          9 
         5          6          0          7 
         6          0          2          3 
         2          6          3          6 
         9          2          7          1 
         1          6          5          2 
Matrix Q:
   0.18091   0.013551   -0.22031    0.57361 
   0.36181    0.27014     0.1955   -0.35872 
   0.42212   -0.34644    0.36148    0.19532 
   0.30151    0.48166    0.30151    0.21289 
   0.18091   0.094564   -0.14149    0.54811 
   0.30151    0.23862   -0.73428   -0.26682 
   0.36181   -0.29695   -0.22304 -0.0013313 
    0.1206    0.38709  -0.089878   0.087387 
   0.54272    -0.2834   0.089526   -0.26429 
  0.060302    0.43659    0.25814  -0.098548 
Matrix R:
    16.583     10.131     14.292     11.819 
         0     12.344     5.0402     8.3655 
         0          0     7.5064    -5.4727 
         0          0          0      9.663 
approx(Q*R,A) returns 1
approx(I4,QtQ) returns 1
Task A3 with 7x7
approx(b, A*x) returns 1
Task A4
Det(R) returns139734
Task B

         1 4.1078e-15 2.5535e-15 6.4393e-15 5.6621e-15 3.5527e-15 5.7732e-15 
-1.1546e-14          1 -5.3291e-15 -1.4211e-14 -1.2434e-14 -7.9936e-15 -1.199e-14 
8.4377e-15 6.7168e-15          1 1.0214e-14 9.5479e-15  4.885e-15 8.8818e-15 
-6.2172e-15 -4.3299e-15 -2.8866e-15          1 -6.6613e-15 -4.2188e-15 -6.4393e-15 
  9.77e-15  7.605e-15  4.885e-15 1.2434e-14          1 6.2172e-15 1.0658e-14 
-1.0214e-14 -7.0499e-15 -4.885e-15 -1.1546e-14  -9.77e-15          1 -9.992e-15 
 2.387e-15 1.0131e-15 1.0825e-15 2.1649e-15 1.8596e-15 1.7208e-15          1 
approx(I7,A3_inv*A3) returns 1
