Matrix A
         3          6          7          5          3          5          6          2 
         6          1          2          7          0          9          3          6 
         7          2          2          6          1          8          7          9 
         5          7          6          3          7          5          9          2 
         3          0          1          7          3          6          1          2 
         5          9          8          5          6          7          8          4 
         6          3          7          9          1          8          6          3 
         2          6          9          2          2          4          3          7 
V
   0.23177    0.25995    0.57944    0.60564   -0.10223   -0.21016    0.10953    0.33098 
  -0.51574   0.013853   -0.36633     0.3187   -0.61407    0.10878  -0.090415    0.31775 
  -0.41457   -0.59577    0.35008  -0.091933    0.28518    -0.1826   -0.28728    0.38077 
   0.40577   -0.43759   -0.49077    0.28286    0.23785   0.029823     0.3508    0.37745 
  -0.33424    0.23949    0.15677 -0.0010963    0.36819    0.69885    0.37331    0.20743 
   0.35367  -0.072807    0.21794   -0.58345   -0.47293    0.21061   0.090422    0.45333 
  -0.19694    0.48282   -0.23867   -0.31538     0.2321   -0.55985    0.20991    0.40038 
   0.26113    0.30005   -0.19391    0.05737    0.24793    0.25217   -0.76331    0.30527 
w -13.6603 -6.32384 -1.24749 -0.327322 1.73382 3.86401 7.61483 40.3463 
D
    -13.66          0          0          0          0          0          0          0 
         0    -6.3238          0          0          0          0          0          0 
         0          0    -1.2475          0          0          0          0          0 
         0          0          0   -0.32732          0          0          0          0 
         0          0          0          0     1.7338          0          0          0 
         0          0          0          0          0      3.864          0          0 
         0          0          0          0          0          0     7.6148          0 
         0          0          0          0          0          0          0     40.346 
VTAV=D
    -13.66          0          0          0          0          0          0          0 
         0    -6.3238          0          0          0          0          0          0 
         0          0    -1.2475          0          0          0          0          0 
         0          0          0   -0.32732          0          0          0          0 
         0          0          0          0     1.7338          0          0          0 
         0          0          0          0          0      3.864          0          0 
         0          0          0          0          0          0     7.6148          0 
         0          0          0          0          0          0          0     40.346 
VDVT=A
         3          6          7          5          3          5          6          2 
         6          1          2          7          0          9          3          6 
         7          2          2          6          1          8          7          9 
         5          7          6          3          7          5          9          2 
         3          0          1          7          3          6          1          2 
         5          9          8          5          6          7          8          4 
         6          3          7          9          1          8          6          3 
         2          6          9          2          2          4          3          7 
VTV=1
         1          0          0          0          0          0          0          0 
         0          1          0          0          0          0          0          0 
         0          0          1          0          0          0          0          0 
         0          0          0          1          0          0          0          0 
         0          0          0          0          1          0          0          0 
         0          0          0          0          0          1          0          0 
         0          0          0          0          0          0          1          0 
         0          0          0          0          0          0          0          1 
VVT=1
         1          0          0          0          0          0          0          0 
         0          1          0          0          0          0          0          0 
         0          0          1          0          0          0          0          0 
         0          0          0          1          0          0          0          0 
         0          0          0          0          1          0          0          0 
         0          0          0          0          0          1          0          0 
         0          0          0          0          0          0          1          0 
         0          0          0          0          0          0          0          1 
dr 0.01 0.02 0.03 0.04 0.05 0.06 0.07 0.08 0.09 0.1 0.11 0.12 0.13 0.14 0.15 0.16 0.17 0.18 0.19 0.2 0.21 0.22 0.23 0.24 0.25 0.26 0.27 0.28 0.29 0.3 



7 0.01 -0.49985
7 0.02 -0.499812
7 0.03 -0.499748
7 0.04 -0.499662
7 0.05 -0.49955
7 0.06 -0.499403
7 0.07 -0.499233
7 0.08 -0.499054
7 0.09 -0.498835
7 0.1 -0.498616
7 0.11 -0.498339
7 0.12 -0.498062
7 0.13 -0.497735
7 0.14 -0.497394
7 0.15 -0.49705
7 0.16 -0.496665
7 0.17 -0.496287
7 0.18 -0.495824
7 0.19 -0.495376
7 0.2 -0.49495
7 0.21 -0.494439
7 0.22 -0.493891
7 0.23 -0.493379
7 0.24 -0.492838
7 0.25 -0.49227
7 0.26 -0.491595
7 0.27 -0.49097
7 0.28 -0.490317
7 0.29 -0.489738
7 0.3 -0.489041


3 0.05 -0.423572
3.5 0.05 -0.463993
4 0.05 -0.482922
4.5 0.05 -0.491876
5 0.05 -0.496095
5.5 0.05 -0.498061
6 0.05 -0.498963
6.5 0.05 -0.499369
7 0.05 -0.49955
7.5 0.05 -0.499629
8 0.05 -0.499663
8.5 0.05 -0.499677
9 0.05 -0.499684
9.5 0.05 -0.499686
10 0.05 -0.499687



0 0.0198007
0.001002 0.0392073
0.00200401 0.0582258
0.00300601 0.0768619
0.00400802 0.0951214
0.00501002 0.11301
0.00601202 0.130533
0.00701403 0.147696
0.00801603 0.164505
0.00901804 0.180965
0.01002 0.19708
0.011022 0.212858
0.012024 0.228301
0.0130261 0.243417
0.0140281 0.258209
0.0150301 0.272682
0.0160321 0.286842
0.0170341 0.300693
0.0180361 0.31424
0.0190381 0.327488
0.0200401 0.340441
0.0210421 0.353103
0.0220441 0.365481
0.0230461 0.377576
0.0240481 0.389395
0.0250501 0.400942
0.0260521 0.41222
0.0270541 0.423234
0.0280561 0.433987
0.0290581 0.444485
0.0300601 0.454732
0.0310621 0.46473
0.0320641 0.474484
0.0330661 0.483998
0.0340681 0.493276
0.0350701 0.502321
0.0360721 0.511138
0.0370741 0.519729
0.0380762 0.528099
0.0390782 0.53625
0.0400802 0.544187
0.0410822 0.551914
0.0420842 0.559432
0.0430862 0.566746
0.0440882 0.57386
0.0450902 0.580775
0.0460922 0.587497
0.0470942 0.594026
0.0480962 0.600368
0.0490982 0.606525
0.0501002 0.6125
0.0511022 0.618296
0.0521042 0.623916
0.0531062 0.629363
0.0541082 0.63464
0.0551102 0.639749
0.0561122 0.644694
0.0571142 0.649477
0.0581162 0.654101
0.0591182 0.658569
0.0601202 0.662883
0.0611222 0.667046
0.0621242 0.671061
0.0631263 0.67493
0.0641283 0.678655
0.0651303 0.682239
0.0661323 0.685685
0.0671343 0.688995
0.0681363 0.692171
0.0691383 0.695215
0.0701403 0.698131
0.0711423 0.700919
0.0721443 0.703583
0.0731463 0.706125
0.0741483 0.708546
0.0751503 0.71085
0.0761523 0.713037
0.0771543 0.71511
0.0781563 0.717072
0.0791583 0.718923
0.0801603 0.720667
0.0811623 0.722305
0.0821643 0.723839
0.0831663 0.725271
0.0841683 0.726603
0.0851703 0.727836
0.0861723 0.728973
0.0871743 0.730016
0.0881764 0.730965
0.0891784 0.731823
0.0901804 0.732592
0.0911824 0.733273
0.0921844 0.733868
0.0931864 0.734379
0.0941884 0.734807
0.0951904 0.735153
0.0961924 0.73542
0.0971944 0.735609
0.0981964 0.735721
0.0991984 0.735758
0.1002 0.735722
0.101202 0.735613
0.102204 0.735434
0.103206 0.735185
0.104208 0.734869
0.10521 0.734486
0.106212 0.734038
0.107214 0.733527
0.108216 0.732952
0.109218 0.732317
0.11022 0.731621
0.111222 0.730867
0.112224 0.730056
0.113226 0.729188
0.114228 0.728266
0.11523 0.727289
0.116232 0.72626
0.117234 0.725179
0.118236 0.724048
0.119238 0.722868
0.12024 0.721639
0.121242 0.720363
0.122244 0.719042
0.123246 0.717675
0.124248 0.716264
0.125251 0.71481
0.126253 0.713315
0.127255 0.711778
0.128257 0.710201
0.129259 0.708585
0.130261 0.706931
0.131263 0.70524
0.132265 0.703512
0.133267 0.701749
0.134269 0.699952
0.135271 0.69812
0.136273 0.696256
0.137275 0.69436
0.138277 0.692433
0.139279 0.690475
0.140281 0.688488
0.141283 0.686472
0.142285 0.684427
0.143287 0.682356
0.144289 0.680258
0.145291 0.678134
0.146293 0.675985
0.147295 0.673812
0.148297 0.671615
0.149299 0.669395
0.150301 0.667153
0.151303 0.664889
0.152305 0.662604
0.153307 0.660299
0.154309 0.657974
0.155311 0.655629
0.156313 0.653267
0.157315 0.650886
0.158317 0.648489
0.159319 0.646074
0.160321 0.643643
0.161323 0.641197
0.162325 0.638736
0.163327 0.63626
0.164329 0.63377
0.165331 0.631267
0.166333 0.628751
0.167335 0.626222
0.168337 0.623682
0.169339 0.62113
0.170341 0.618567
0.171343 0.615994
0.172345 0.61341
0.173347 0.610817
0.174349 0.608215
0.175351 0.605604
0.176353 0.602985
0.177355 0.600358
0.178357 0.597724
0.179359 0.595082
0.180361 0.592435
0.181363 0.58978
0.182365 0.58712
0.183367 0.584455
0.184369 0.581784
0.185371 0.579109
0.186373 0.576429
0.187375 0.573746
0.188377 0.571058
0.189379 0.568368
0.190381 0.565674
0.191383 0.562978
0.192385 0.560279
0.193387 0.557578
0.194389 0.554876
0.195391 0.552172
0.196393 0.549467
0.197395 0.546761
0.198397 0.544055
0.199399 0.541348
0.200401 0.538642
0.201403 0.535935
0.202405 0.53323
0.203407 0.530525
0.204409 0.527821
0.205411 0.525118
0.206413 0.522417
0.207415 0.519717
0.208417 0.51702
0.209419 0.514325
0.210421 0.511632
0.211423 0.508942
0.212425 0.506255
0.213427 0.50357
0.214429 0.50089
0.215431 0.498212
0.216433 0.495539
0.217435 0.492869
0.218437 0.490203
0.219439 0.487542
0.220441 0.484885
0.221443 0.482232
0.222445 0.479585
0.223447 0.476942
0.224449 0.474304
0.225451 0.471672
0.226453 0.469045
0.227455 0.466424
0.228457 0.463808
0.229459 0.461199
0.230461 0.458595
0.231463 0.455997
0.232465 0.453406
0.233467 0.450821
0.234469 0.448243
0.235471 0.445671
0.236473 0.443107
0.237475 0.440549
0.238477 0.437998
0.239479 0.435454
0.240481 0.432918
0.241483 0.430389
0.242485 0.427867
0.243487 0.425353
0.244489 0.422846
0.245491 0.420348
0.246493 0.417857
0.247495 0.415374
0.248497 0.4129
0.249499 0.410433
0.250501 0.407974
0.251503 0.405524
0.252505 0.403082
0.253507 0.400649
0.254509 0.398224
0.255511 0.395808
0.256513 0.3934
0.257515 0.391002
0.258517 0.388612
0.259519 0.38623
0.260521 0.383858
0.261523 0.381495
0.262525 0.37914
0.263527 0.376795
0.264529 0.374459
0.265531 0.372132
0.266533 0.369814
0.267535 0.367506
0.268537 0.365207
0.269539 0.362917
0.270541 0.360637
0.271543 0.358366
0.272545 0.356105
0.273547 0.353853
0.274549 0.351611
0.275551 0.349378
0.276553 0.347155
0.277555 0.344941
0.278557 0.342738
0.279559 0.340544
0.280561 0.338359
0.281563 0.336185
0.282565 0.33402
0.283567 0.331865
0.284569 0.32972
0.285571 0.327584
0.286573 0.325459
0.287575 0.323343
0.288577 0.321237
0.289579 0.319142
0.290581 0.317056
0.291583 0.31498
0.292585 0.312913
0.293587 0.310857
0.294589 0.308811
0.295591 0.306775
0.296593 0.304748
0.297595 0.302732
0.298597 0.300725
0.299599 0.298729
0.300601 0.296742
0.301603 0.294766
0.302605 0.292799
0.303607 0.290843
0.304609 0.288896
0.305611 0.286959
0.306613 0.285032
0.307615 0.283115
0.308617 0.281208
0.309619 0.279311
0.310621 0.277424
0.311623 0.275547
0.312625 0.273679
0.313627 0.271822
0.314629 0.269974
0.315631 0.268137
0.316633 0.266309
0.317635 0.264491
0.318637 0.262682
0.319639 0.260884
0.320641 0.259095
0.321643 0.257316
0.322645 0.255547
0.323647 0.253787
0.324649 0.252038
0.325651 0.250298
0.326653 0.248567
0.327655 0.246847
0.328657 0.245136
0.329659 0.243434
0.330661 0.241742
0.331663 0.24006
0.332665 0.238387
0.333667 0.236724
0.334669 0.23507
0.335671 0.233426
0.336673 0.231791
0.337675 0.230165
0.338677 0.228549
0.339679 0.226943
0.340681 0.225346
0.341683 0.223758
0.342685 0.222179
0.343687 0.220609
0.344689 0.219049
0.345691 0.217498
0.346693 0.215956
0.347695 0.214424
0.348697 0.2129
0.349699 0.211386
0.350701 0.20988
0.351703 0.208384
0.352705 0.206897
0.353707 0.205418
0.354709 0.203949
0.355711 0.202488
0.356713 0.201036
0.357715 0.199593
0.358717 0.198159
0.359719 0.196734
0.360721 0.195318
0.361723 0.19391
0.362725 0.192511
0.363727 0.19112
0.364729 0.189738
0.365731 0.188365
0.366733 0.187
0.367735 0.185644
0.368737 0.184296
0.369739 0.182957
0.370741 0.181626
0.371743 0.180303
0.372745 0.178989
0.373747 0.177683
0.374749 0.176385
0.375752 0.175096
0.376754 0.173815
0.377756 0.172542
0.378758 0.171277
0.37976 0.17002
0.380762 0.168771
0.381764 0.16753
0.382766 0.166297
0.383768 0.165073
0.38477 0.163856
0.385772 0.162647
0.386774 0.161445
0.387776 0.160252
0.388778 0.159066
0.38978 0.157888
0.390782 0.156718
0.391784 0.155555
0.392786 0.1544
0.393788 0.153253
0.39479 0.152113
0.395792 0.150981
0.396794 0.149856
0.397796 0.148738
0.398798 0.147628
0.3998 0.146526
0.400802 0.14543
0.401804 0.144342
0.402806 0.143261
0.403808 0.142188
0.40481 0.141121
0.405812 0.140062
0.406814 0.13901
0.407816 0.137965
0.408818 0.136927
0.40982 0.135896
0.410822 0.134872
0.411824 0.133854
0.412826 0.132844
0.413828 0.131841
0.41483 0.130844
0.415832 0.129854
0.416834 0.128871
0.417836 0.127895
0.418838 0.126925
0.41984 0.125962
0.420842 0.125005
0.421844 0.124055
0.422846 0.123112
0.423848 0.122175
0.42485 0.121244
0.425852 0.12032
0.426854 0.119403
0.427856 0.118491
0.428858 0.117586
0.42986 0.116688
0.430862 0.115795
0.431864 0.114909
0.432866 0.114029
0.433868 0.113155
0.43487 0.112287
0.435872 0.111425
0.436874 0.110569
0.437876 0.109719
0.438878 0.108876
0.43988 0.108038
0.440882 0.107206
0.441884 0.106379
0.442886 0.105559
0.443888 0.104745
0.44489 0.103936
0.445892 0.103133
0.446894 0.102335
0.447896 0.101544
0.448898 0.100758
0.4499 0.0999771
0.450902 0.0992021
0.451904 0.0984327
0.452906 0.0976687
0.453908 0.0969102
0.45491 0.0961571
0.455912 0.0954095
0.456914 0.0946671
0.457916 0.0939301
0.458918 0.0931984
0.45992 0.092472
0.460922 0.0917507
0.461924 0.0910347
0.462926 0.0903238
0.463928 0.0896181
0.46493 0.0889174
0.465932 0.0882219
0.466934 0.0875313
0.467936 0.0868458
0.468938 0.0861652
0.46994 0.0854896
0.470942 0.0848189
0.471944 0.0841531
0.472946 0.0834921
0.473948 0.0828359
0.47495 0.0821845
0.475952 0.0815379
0.476954 0.080896
0.477956 0.0802588
0.478958 0.0796263
0.47996 0.0789984
0.480962 0.0783752
0.481964 0.0777565
0.482966 0.0771423
0.483968 0.0765327
0.48497 0.0759275
0.485972 0.0753269
0.486974 0.0747306
0.487976 0.0741388
0.488978 0.0735513
0.48998 0.0729682
0.490982 0.0723894
0.491984 0.0718149
0.492986 0.0712446
0.493988 0.0706786
0.49499 0.0701168
0.495992 0.0695592
0.496994 0.0690057
0.497996 0.0684563
0.498998 0.0679111
0.5 0.0673699
0.501002 0.0668327
0.502004 0.0662996
0.503006 0.0657704
0.504008 0.0652453
0.50501 0.064724
0.506012 0.0642067
0.507014 0.0636932
0.508016 0.0631836
0.509018 0.0626778
0.51002 0.0621759
0.511022 0.0616777
0.512024 0.0611833
0.513026 0.0606926
0.514028 0.0602056
0.51503 0.0597222
0.516032 0.0592426
0.517034 0.0587665
0.518036 0.0582941
0.519038 0.0578252
0.52004 0.0573599
0.521042 0.0568981
0.522044 0.0564399
0.523046 0.0559851
0.524048 0.0555337
0.52505 0.0550858
0.526052 0.0546413
0.527054 0.0542002
0.528056 0.0537625
0.529058 0.0533281
0.53006 0.052897
0.531062 0.0524692
0.532064 0.0520447
0.533066 0.0516234
0.534068 0.0512054
0.53507 0.0507905
0.536072 0.0503789
0.537074 0.0499704
0.538076 0.049565
0.539078 0.0491627
0.54008 0.0487636
0.541082 0.0483675
0.542084 0.0479744
0.543086 0.0475844
0.544088 0.0471974
0.54509 0.0468134
0.546092 0.0464323
0.547094 0.0460542
0.548096 0.045679
0.549098 0.0453067
0.5501 0.0449373
0.551102 0.0445707
0.552104 0.044207
0.553106 0.0438461
0.554108 0.043488
0.55511 0.0431326
0.556112 0.0427801
0.557114 0.0424302
0.558116 0.0420831
0.559118 0.0417387
0.56012 0.041397
0.561122 0.0410579
0.562124 0.0407215
0.563126 0.0403877
0.564128 0.0400565
0.56513 0.0397279
0.566132 0.0394018
0.567134 0.0390783
0.568136 0.0387574
0.569138 0.0384389
0.57014 0.0381229
0.571142 0.0378094
0.572144 0.0374984
0.573146 0.0371898
0.574148 0.0368836
0.57515 0.0365799
0.576152 0.0362785
0.577154 0.0359795
0.578156 0.0356828
0.579158 0.0353885
0.58016 0.0350964
0.581162 0.0348067
0.582164 0.0345193
0.583166 0.0342341
0.584168 0.0339512
0.58517 0.0336705
0.586172 0.033392
0.587174 0.0331157
0.588176 0.0328416
0.589178 0.0325697
0.59018 0.0322999
0.591182 0.0320323
0.592184 0.0317668
0.593186 0.0315034
0.594188 0.031242
0.59519 0.0309828
0.596192 0.0307256
0.597194 0.0304704
0.598196 0.0302173
0.599198 0.0299662
0.6002 0.0297171
0.601202 0.0294699
0.602204 0.0292247
0.603206 0.0289815
0.604208 0.0287402
0.60521 0.0285008
0.606212 0.0282634
0.607214 0.0280278
0.608216 0.0277941
0.609218 0.0275623
0.61022 0.0273323
0.611222 0.0271042
0.612224 0.0268779
0.613226 0.0266534
0.614228 0.0264307
0.61523 0.0262098
0.616232 0.0259906
0.617234 0.0257732
0.618236 0.0255575
0.619238 0.0253436
0.62024 0.0251314
0.621242 0.0249209
0.622244 0.0247121
0.623246 0.0245049
0.624248 0.0242994
0.625251 0.0240956
0.626253 0.0238934
0.627255 0.0236929
0.628257 0.0234939
0.629259 0.0232965
0.630261 0.0231008
0.631263 0.0229066
0.632265 0.022714
0.633267 0.0225229
0.634269 0.0223334
0.635271 0.0221454
0.636273 0.0219589
0.637275 0.0217739
0.638277 0.0215904
0.639279 0.0214084
0.640281 0.0212279
0.641283 0.0210488
0.642285 0.0208712
0.643287 0.020695
0.644289 0.0205203
0.645291 0.0203469
0.646293 0.020175
0.647295 0.0200044
0.648297 0.0198352
0.649299 0.0196675
0.650301 0.019501
0.651303 0.0193359
0.652305 0.0191722
0.653307 0.0190098
0.654309 0.0188487
0.655311 0.0186889
0.656313 0.0185304
0.657315 0.0183732
0.658317 0.0182173
0.659319 0.0180626
0.660321 0.0179092
0.661323 0.017757
0.662325 0.0176061
0.663327 0.0174564
0.664329 0.017308
0.665331 0.0171607
0.666333 0.0170147
0.667335 0.0168698
0.668337 0.0167261
0.669339 0.0165836
0.670341 0.0164423
0.671343 0.0163021
0.672345 0.016163
0.673347 0.0160251
0.674349 0.0158883
0.675351 0.0157526
0.676353 0.0156181
0.677355 0.0154846
0.678357 0.0153522
0.679359 0.0152209
0.680361 0.0150907
0.681363 0.0149615
0.682365 0.0148334
0.683367 0.0147064
0.684369 0.0145804
0.685371 0.0144554
0.686373 0.0143315
0.687375 0.0142085
0.688377 0.0140866
0.689379 0.0139657
0.690381 0.0138457
0.691383 0.0137268
0.692385 0.0136088
0.693387 0.0134918
0.694389 0.0133757
0.695391 0.0132606
0.696393 0.0131464
0.697395 0.0130332
0.698397 0.0129209
0.699399 0.0128096
0.700401 0.0126991
0.701403 0.0125896
0.702405 0.0124809
0.703407 0.0123731
0.704409 0.0122663
0.705411 0.0121603
0.706413 0.0120552
0.707415 0.0119509
0.708417 0.0118475
0.709419 0.0117449
0.710421 0.0116432
0.711423 0.0115424
0.712425 0.0114423
0.713427 0.0113431
0.714429 0.0112447
0.715431 0.0111471
0.716433 0.0110503
0.717435 0.0109543
0.718437 0.0108591
0.719439 0.0107647
0.720441 0.010671
0.721443 0.0105782
0.722445 0.0104861
0.723447 0.0103947
0.724449 0.0103041
0.725451 0.0102143
0.726453 0.0101251
0.727455 0.0100368
0.728457 0.00994911
0.729459 0.00986218
0.730461 0.00977596
0.731463 0.00969045
0.732465 0.00960565
0.733467 0.00952155
0.734469 0.00943814
0.735471 0.00935541
0.736473 0.00927336
0.737475 0.009192
0.738477 0.0091113
0.739479 0.00903126
0.740481 0.00895188
0.741483 0.00887316
0.742485 0.00879508
0.743487 0.00871765
0.744489 0.00864085
0.745491 0.00856469
0.746493 0.00848915
0.747495 0.00841424
0.748497 0.00833994
0.749499 0.00826625
0.750501 0.00819316
0.751503 0.00812068
0.752505 0.00804879
0.753507 0.0079775
0.754509 0.00790679
0.755511 0.00783666
0.756513 0.0077671
0.757515 0.00769812
0.758517 0.00762971
0.759519 0.00756185
0.760521 0.00749455
0.761523 0.00742781
0.762525 0.00736161
0.763527 0.00729596
0.764529 0.00723084
0.765531 0.00716626
0.766533 0.00710221
0.767535 0.00703868
0.768537 0.00697567
0.769539 0.00691318
0.770541 0.0068512
0.771543 0.00678972
0.772545 0.00672875
0.773547 0.00666828
0.774549 0.0066083
0.775551 0.00654881
0.776553 0.00648981
0.777555 0.00643129
0.778557 0.00637325
0.779559 0.00631568
0.780561 0.00625858
0.781563 0.00620195
0.782565 0.00614577
0.783567 0.00609006
0.784569 0.00603479
0.785571 0.00597998
0.786573 0.00592561
0.787575 0.00587169
0.788577 0.0058182
0.789579 0.00576515
0.790581 0.00571253
0.791583 0.00566033
0.792585 0.00560856
0.793587 0.0055572
0.794589 0.00550626
0.795591 0.00545574
0.796593 0.00540562
0.797595 0.0053559
0.798597 0.00530659
0.799599 0.00525768
0.800601 0.00520916
0.801603 0.00516103
0.802605 0.00511328
0.803607 0.00506592
0.804609 0.00501895
0.805611 0.00497234
0.806613 0.00492612
0.807615 0.00488026
0.808617 0.00483477
0.809619 0.00478964
0.810621 0.00474488
0.811623 0.00470047
0.812625 0.00465641
0.813627 0.00461271
0.814629 0.00456935
0.815631 0.00452634
0.816633 0.00448367
0.817635 0.00444134
0.818637 0.00439934
0.819639 0.00435768
0.820641 0.00431635
0.821643 0.00427534
0.822645 0.00423465
0.823647 0.00419429
0.824649 0.00415424
0.825651 0.00411451
0.826653 0.00407509
0.827655 0.00403598
0.828657 0.00399717
0.829659 0.00395867
0.830661 0.00392047
0.831663 0.00388257
0.832665 0.00384495
0.833667 0.00380764
0.834669 0.00377061
0.835671 0.00373387
0.836673 0.00369741
0.837675 0.00366123
0.838677 0.00362534
0.839679 0.00358971
0.840681 0.00355437
0.841683 0.00351929
0.842685 0.00348448
0.843687 0.00344994
0.844689 0.00341565
0.845691 0.00338164
0.846693 0.00334787
0.847695 0.00331437
0.848697 0.00328111
0.849699 0.00324811
0.850701 0.00321536
0.851703 0.00318285
0.852705 0.00315059
0.853707 0.00311856
0.854709 0.00308678
0.855711 0.00305523
0.856713 0.00302391
0.857715 0.00299283
0.858717 0.00296198
0.859719 0.00293135
0.860721 0.00290095
0.861723 0.00287077
0.862725 0.00284081
0.863727 0.00281107
0.864729 0.00278155
0.865731 0.00275224
0.866733 0.00272314
0.867735 0.00269425
0.868737 0.00266557
0.869739 0.00263709
0.870741 0.00260882
0.871743 0.00258075
0.872745 0.00255287
0.873747 0.00252519
0.874749 0.00249771
0.875752 0.00247042
0.876754 0.00244332
0.877756 0.00241641
0.878758 0.00238968
0.87976 0.00236314
0.880762 0.00233679
0.881764 0.00231061
0.882766 0.00228461
0.883768 0.00225879
0.88477 0.00223314
0.885772 0.00220767
0.886774 0.00218237
0.887776 0.00215723
0.888778 0.00213226
0.88978 0.00210746
0.890782 0.00208282
0.891784 0.00205835
0.892786 0.00203403
0.893788 0.00200987
0.89479 0.00198587
0.895792 0.00196202
0.896794 0.00193832
0.897796 0.00191477
0.898798 0.00189137
0.8998 0.00186812
0.900802 0.00184502
0.901804 0.00182205
0.902806 0.00179923
0.903808 0.00177655
0.90481 0.00175401
0.905812 0.0017316
0.906814 0.00170933
0.907816 0.0016872
0.908818 0.00166519
0.90982 0.00164331
0.910822 0.00162157
0.911824 0.00159994
0.912826 0.00157845
0.913828 0.00155708
0.91483 0.00153582
0.915832 0.00151469
0.916834 0.00149368
0.917836 0.00147278
0.918838 0.001452
0.91984 0.00143133
0.920842 0.00141078
0.921844 0.00139033
0.922846 0.00136999
0.923848 0.00134976
0.92485 0.00132964
0.925852 0.00130962
0.926854 0.0012897
0.927856 0.00126989
0.928858 0.00125017
0.92986 0.00123055
0.930862 0.00121103
0.931864 0.00119161
0.932866 0.00117227
0.933868 0.00115303
0.93487 0.00113388
0.935872 0.00111482
0.936874 0.00109585
0.937876 0.00107696
0.938878 0.00105816
0.93988 0.00103944
0.940882 0.0010208
0.941884 0.00100224
0.942886 0.000983763
0.943888 0.000965362
0.94489 0.000947037
0.945892 0.000928787
0.946894 0.00091061
0.947896 0.000892505
0.948898 0.000874471
0.9499 0.000856505
0.950902 0.000838606
0.951904 0.000820774
0.952906 0.000803008
0.953908 0.000785303
0.95491 0.000767661
0.955912 0.00075008
0.956914 0.000732558
0.957916 0.000715093
0.958918 0.000697687
0.95992 0.000680335
0.960922 0.000663036
0.961924 0.00064579
0.962926 0.000628596
0.963928 0.000611452
0.96493 0.000594355
0.965932 0.000577305
0.966934 0.000560302
0.967936 0.000543343
0.968938 0.000526426
0.96994 0.000509553
0.970942 0.000492719
0.971944 0.000475924
0.972946 0.000459167
0.973948 0.000442447
0.97495 0.000425761
0.975952 0.00040911
0.976954 0.000392491
0.977956 0.000375904
0.978958 0.000359346
0.97996 0.000342816
0.980962 0.000326315
0.981964 0.000309839
0.982966 0.000293388
0.983968 0.000276961
0.98497 0.000260555
0.985972 0.00024417
0.986974 0.000227804
0.987976 0.000211457
0.988978 0.000195126
0.98998 0.000178811
0.990982 0.00016251
0.991984 0.000146222
0.992986 0.000129945
0.993988 0.000113679
0.99499 9.74225e-05
0.995992 8.11735e-05
0.996994 6.49309e-05
0.997996 4.86939e-05
0.998998 3.24598e-05
1 1.62288e-05


0 -0.00826928
0.001002 -0.0163734
0.00200401 -0.0243141
0.00300601 -0.0320933
0.00400802 -0.0397127
0.00501002 -0.0471742
0.00601202 -0.0544795
0.00701403 -0.0616303
0.00801603 -0.0686285
0.00901804 -0.0754757
0.01002 -0.0821737
0.011022 -0.0887241
0.012024 -0.0951287
0.0130261 -0.101389
0.0140281 -0.107507
0.0150301 -0.113484
0.0160321 -0.119321
0.0170341 -0.125021
0.0180361 -0.130585
0.0190381 -0.136014
0.0200401 -0.141311
0.0210421 -0.146476
0.0220441 -0.151511
0.0230461 -0.156417
0.0240481 -0.161197
0.0250501 -0.165852
0.0260521 -0.170383
0.0270541 -0.174791
0.0280561 -0.179079
0.0290581 -0.183247
0.0300601 -0.187297
0.0310621 -0.19123
0.0320641 -0.195048
0.0330661 -0.198753
0.0340681 -0.202345
0.0350701 -0.205826
0.0360721 -0.209197
0.0370741 -0.21246
0.0380762 -0.215615
0.0390782 -0.218666
0.0400802 -0.221611
0.0410822 -0.224454
0.0420842 -0.227195
0.0430862 -0.229835
0.0440882 -0.232376
0.0450902 -0.234819
0.0460922 -0.237165
0.0470942 -0.239415
0.0480962 -0.241572
0.0490982 -0.243635
0.0501002 -0.245606
0.0511022 -0.247486
0.0521042 -0.249277
0.0531062 -0.250979
0.0541082 -0.252594
0.0551102 -0.254123
0.0561122 -0.255567
0.0571142 -0.256927
0.0581162 -0.258204
0.0591182 -0.259399
0.0601202 -0.260514
0.0611222 -0.261549
0.0621242 -0.262506
0.0631263 -0.263385
0.0641283 -0.264188
0.0651303 -0.264916
0.0661323 -0.265569
0.0671343 -0.266149
0.0681363 -0.266657
0.0691383 -0.267094
0.0701403 -0.26746
0.0711423 -0.267757
0.0721443 -0.267985
0.0731463 -0.268147
0.0741483 -0.268241
0.0751503 -0.268271
0.0761523 -0.268236
0.0771543 -0.268137
0.0781563 -0.267975
0.0791583 -0.267752
0.0801603 -0.267468
0.0811623 -0.267123
0.0821643 -0.26672
0.0831663 -0.266258
0.0841683 -0.265739
0.0851703 -0.265164
0.0861723 -0.264533
0.0871743 -0.263846
0.0881764 -0.263106
0.0891784 -0.262313
0.0901804 -0.261467
0.0911824 -0.26057
0.0921844 -0.259622
0.0931864 -0.258624
0.0941884 -0.257577
0.0951904 -0.256482
0.0961924 -0.255338
0.0971944 -0.254148
0.0981964 -0.252912
0.0991984 -0.25163
0.1002 -0.250304
0.101202 -0.248934
0.102204 -0.247521
0.103206 -0.246065
0.104208 -0.244567
0.10521 -0.243028
0.106212 -0.241449
0.107214 -0.239831
0.108216 -0.238173
0.109218 -0.236477
0.11022 -0.234743
0.111222 -0.232972
0.112224 -0.231165
0.113226 -0.229322
0.114228 -0.227445
0.11523 -0.225532
0.116232 -0.223586
0.117234 -0.221607
0.118236 -0.219595
0.119238 -0.217552
0.12024 -0.215476
0.121242 -0.213371
0.122244 -0.211235
0.123246 -0.209069
0.124248 -0.206874
0.125251 -0.204651
0.126253 -0.2024
0.127255 -0.200122
0.128257 -0.197817
0.129259 -0.195486
0.130261 -0.193129
0.131263 -0.190747
0.132265 -0.188341
0.133267 -0.18591
0.134269 -0.183456
0.135271 -0.180979
0.136273 -0.178479
0.137275 -0.175957
0.138277 -0.173414
0.139279 -0.170849
0.140281 -0.168264
0.141283 -0.165659
0.142285 -0.163035
0.143287 -0.160391
0.144289 -0.157729
0.145291 -0.155048
0.146293 -0.15235
0.147295 -0.149634
0.148297 -0.146902
0.149299 -0.144153
0.150301 -0.141388
0.151303 -0.138608
0.152305 -0.135813
0.153307 -0.133002
0.154309 -0.130178
0.155311 -0.12734
0.156313 -0.124488
0.157315 -0.121623
0.158317 -0.118746
0.159319 -0.115856
0.160321 -0.112954
0.161323 -0.110041
0.162325 -0.107117
0.163327 -0.104182
0.164329 -0.101237
0.165331 -0.098282
0.166333 -0.0953172
0.167335 -0.0923431
0.168337 -0.0893601
0.169339 -0.0863685
0.170341 -0.0833687
0.171343 -0.0803611
0.172345 -0.0773459
0.173347 -0.0743235
0.174349 -0.0712943
0.175351 -0.0682585
0.176353 -0.0652165
0.177355 -0.0621686
0.178357 -0.0591151
0.179359 -0.0560563
0.180361 -0.0529926
0.181363 -0.0499243
0.182365 -0.0468515
0.183367 -0.0437747
0.184369 -0.0406942
0.185371 -0.0376101
0.186373 -0.0345229
0.187375 -0.0314327
0.188377 -0.0283399
0.189379 -0.0252447
0.190381 -0.0221475
0.191383 -0.0190484
0.192385 -0.0159478
0.193387 -0.0128459
0.194389 -0.00974297
0.195391 -0.00663925
0.196393 -0.003535
0.197395 -0.000430472
0.198397 0.00267409
0.199399 0.00577845
0.200401 0.00888235
0.201403 0.0119856
0.202405 0.0150879
0.203407 0.018189
0.204409 0.0212888
0.205411 0.024387
0.206413 0.0274834
0.207415 0.0305777
0.208417 0.0336698
0.209419 0.0367595
0.210421 0.0398464
0.211423 0.0429305
0.212425 0.0460115
0.213427 0.0490892
0.214429 0.0521634
0.215431 0.055234
0.216433 0.0583007
0.217435 0.0613633
0.218437 0.0644217
0.219439 0.0674757
0.220441 0.070525
0.221443 0.0735695
0.222445 0.0766091
0.223447 0.0796436
0.224449 0.0826727
0.225451 0.0856963
0.226453 0.0887143
0.227455 0.0917265
0.228457 0.0947327
0.229459 0.0977328
0.230461 0.100727
0.231463 0.103714
0.232465 0.106695
0.233467 0.109669
0.234469 0.112636
0.235471 0.115596
0.236473 0.118549
0.237475 0.121494
0.238477 0.124432
0.239479 0.127363
0.240481 0.130285
0.241483 0.1332
0.242485 0.136107
0.243487 0.139006
0.244489 0.141896
0.245491 0.144778
0.246493 0.147652
0.247495 0.150517
0.248497 0.153373
0.249499 0.15622
0.250501 0.159058
0.251503 0.161888
0.252505 0.164708
0.253507 0.167518
0.254509 0.17032
0.255511 0.173112
0.256513 0.175894
0.257515 0.178666
0.258517 0.181429
0.259519 0.184182
0.260521 0.186925
0.261523 0.189657
0.262525 0.19238
0.263527 0.195092
0.264529 0.197794
0.265531 0.200485
0.266533 0.203166
0.267535 0.205836
0.268537 0.208495
0.269539 0.211144
0.270541 0.213781
0.271543 0.216408
0.272545 0.219024
0.273547 0.221629
0.274549 0.224222
0.275551 0.226804
0.276553 0.229375
0.277555 0.231935
0.278557 0.234483
0.279559 0.237019
0.280561 0.239544
0.281563 0.242058
0.282565 0.244559
0.283567 0.247049
0.284569 0.249527
0.285571 0.251993
0.286573 0.254447
0.287575 0.25689
0.288577 0.25932
0.289579 0.261738
0.290581 0.264144
0.291583 0.266537
0.292585 0.268919
0.293587 0.271288
0.294589 0.273645
0.295591 0.27599
0.296593 0.278322
0.297595 0.280641
0.298597 0.282948
0.299599 0.285243
0.300601 0.287525
0.301603 0.289794
0.302605 0.292051
0.303607 0.294295
0.304609 0.296526
0.305611 0.298745
0.306613 0.30095
0.307615 0.303143
0.308617 0.305323
0.309619 0.307491
0.310621 0.309645
0.311623 0.311786
0.312625 0.313915
0.313627 0.31603
0.314629 0.318133
0.315631 0.320222
0.316633 0.322299
0.317635 0.324362
0.318637 0.326412
0.319639 0.328449
0.320641 0.330473
0.321643 0.332484
0.322645 0.334482
0.323647 0.336467
0.324649 0.338438
0.325651 0.340396
0.326653 0.342341
0.327655 0.344273
0.328657 0.346192
0.329659 0.348097
0.330661 0.349989
0.331663 0.351868
0.332665 0.353733
0.333667 0.355586
0.334669 0.357425
0.335671 0.359251
0.336673 0.361063
0.337675 0.362862
0.338677 0.364648
0.339679 0.366421
0.340681 0.36818
0.341683 0.369926
0.342685 0.371659
0.343687 0.373379
0.344689 0.375085
0.345691 0.376778
0.346693 0.378457
0.347695 0.380124
0.348697 0.381777
0.349699 0.383417
0.350701 0.385043
0.351703 0.386657
0.352705 0.388257
0.353707 0.389843
0.354709 0.391417
0.355711 0.392977
0.356713 0.394525
0.357715 0.396059
0.358717 0.397579
0.359719 0.399087
0.360721 0.400581
0.361723 0.402063
0.362725 0.403531
0.363727 0.404986
0.364729 0.406428
0.365731 0.407857
0.366733 0.409272
0.367735 0.410675
0.368737 0.412065
0.369739 0.413441
0.370741 0.414805
0.371743 0.416155
0.372745 0.417493
0.373747 0.418817
0.374749 0.420129
0.375752 0.421428
0.376754 0.422713
0.377756 0.423986
0.378758 0.425246
0.37976 0.426494
0.380762 0.427728
0.381764 0.428949
0.382766 0.430158
0.383768 0.431354
0.38477 0.432538
0.385772 0.433708
0.386774 0.434866
0.387776 0.436011
0.388778 0.437144
0.38978 0.438264
0.390782 0.439371
0.391784 0.440466
0.392786 0.441548
0.393788 0.442618
0.39479 0.443675
0.395792 0.44472
0.396794 0.445753
0.397796 0.446773
0.398798 0.44778
0.3998 0.448776
0.400802 0.449759
0.401804 0.450729
0.402806 0.451688
0.403808 0.452634
0.40481 0.453568
0.405812 0.45449
0.406814 0.4554
0.407816 0.456297
0.408818 0.457183
0.40982 0.458056
0.410822 0.458918
0.411824 0.459767
0.412826 0.460605
0.413828 0.461431
0.41483 0.462244
0.415832 0.463046
0.416834 0.463836
0.417836 0.464615
0.418838 0.465381
0.41984 0.466136
0.420842 0.466879
0.421844 0.467611
0.422846 0.468331
0.423848 0.469039
0.42485 0.469736
0.425852 0.470421
0.426854 0.471095
0.427856 0.471758
0.428858 0.472409
0.42986 0.473048
0.430862 0.473677
0.431864 0.474294
0.432866 0.474899
0.433868 0.475494
0.43487 0.476077
0.435872 0.476649
0.436874 0.477211
0.437876 0.477761
0.438878 0.4783
0.43988 0.478828
0.440882 0.479345
0.441884 0.479851
0.442886 0.480346
0.443888 0.48083
0.44489 0.481304
0.445892 0.481767
0.446894 0.482219
0.447896 0.48266
0.448898 0.483091
0.4499 0.483511
0.450902 0.48392
0.451904 0.484319
0.452906 0.484708
0.453908 0.485085
0.45491 0.485453
0.455912 0.48581
0.456914 0.486157
0.457916 0.486494
0.458918 0.48682
0.45992 0.487136
0.460922 0.487442
0.461924 0.487737
0.462926 0.488023
0.463928 0.488298
0.46493 0.488564
0.465932 0.488819
0.466934 0.489065
0.467936 0.4893
0.468938 0.489526
0.46994 0.489742
0.470942 0.489948
0.471944 0.490144
0.472946 0.490331
0.473948 0.490508
0.47495 0.490675
0.475952 0.490833
0.476954 0.490981
0.477956 0.49112
0.478958 0.491249
0.47996 0.491369
0.480962 0.49148
0.481964 0.491581
0.482966 0.491672
0.483968 0.491755
0.48497 0.491828
0.485972 0.491892
0.486974 0.491947
0.487976 0.491993
0.488978 0.49203
0.48998 0.492058
0.490982 0.492076
0.491984 0.492086
0.492986 0.492087
0.493988 0.492079
0.49499 0.492062
0.495992 0.492037
0.496994 0.492002
0.497996 0.49196
0.498998 0.491908
0.5 0.491848
0.501002 0.491779
0.502004 0.491701
0.503006 0.491616
0.504008 0.491521
0.50501 0.491418
0.506012 0.491307
0.507014 0.491188
0.508016 0.49106
0.509018 0.490924
0.51002 0.49078
0.511022 0.490628
0.512024 0.490467
0.513026 0.490298
0.514028 0.490122
0.51503 0.489937
0.516032 0.489744
0.517034 0.489544
0.518036 0.489335
0.519038 0.489119
0.52004 0.488895
0.521042 0.488663
0.522044 0.488423
0.523046 0.488176
0.524048 0.487921
0.52505 0.487658
0.526052 0.487388
0.527054 0.48711
0.528056 0.486825
0.529058 0.486533
0.53006 0.486232
0.531062 0.485925
0.532064 0.48561
0.533066 0.485288
0.534068 0.484959
0.53507 0.484622
0.536072 0.484278
0.537074 0.483927
0.538076 0.483569
0.539078 0.483204
0.54008 0.482832
0.541082 0.482453
0.542084 0.482067
0.543086 0.481674
0.544088 0.481274
0.54509 0.480867
0.546092 0.480454
0.547094 0.480034
0.548096 0.479607
0.549098 0.479173
0.5501 0.478733
0.551102 0.478286
0.552104 0.477832
0.553106 0.477372
0.554108 0.476906
0.55511 0.476433
0.556112 0.475954
0.557114 0.475468
0.558116 0.474976
0.559118 0.474477
0.56012 0.473973
0.561122 0.473462
0.562124 0.472945
0.563126 0.472421
0.564128 0.471892
0.56513 0.471356
0.566132 0.470815
0.567134 0.470267
0.568136 0.469714
0.569138 0.469154
0.57014 0.468589
0.571142 0.468018
0.572144 0.467441
0.573146 0.466858
0.574148 0.466269
0.57515 0.465675
0.576152 0.465075
0.577154 0.464469
0.578156 0.463858
0.579158 0.463241
0.58016 0.462618
0.581162 0.46199
0.582164 0.461357
0.583166 0.460718
0.584168 0.460073
0.58517 0.459424
0.586172 0.458769
0.587174 0.458108
0.588176 0.457443
0.589178 0.456772
0.59018 0.456096
0.591182 0.455415
0.592184 0.454728
0.593186 0.454037
0.594188 0.45334
0.59519 0.452639
0.596192 0.451932
0.597194 0.45122
0.598196 0.450504
0.599198 0.449782
0.6002 0.449056
0.601202 0.448325
0.602204 0.447589
0.603206 0.446849
0.604208 0.446103
0.60521 0.445353
0.606212 0.444598
0.607214 0.443839
0.608216 0.443075
0.609218 0.442306
0.61022 0.441533
0.611222 0.440755
0.612224 0.439973
0.613226 0.439186
0.614228 0.438395
0.61523 0.4376
0.616232 0.4368
0.617234 0.435996
0.618236 0.435187
0.619238 0.434375
0.62024 0.433558
0.621242 0.432737
0.622244 0.431911
0.623246 0.431082
0.624248 0.430248
0.625251 0.429411
0.626253 0.428569
0.627255 0.427723
0.628257 0.426874
0.629259 0.42602
0.630261 0.425162
0.631263 0.424301
0.632265 0.423435
0.633267 0.422566
0.634269 0.421693
0.635271 0.420816
0.636273 0.419936
0.637275 0.419051
0.638277 0.418163
0.639279 0.417272
0.640281 0.416376
0.641283 0.415477
0.642285 0.414575
0.643287 0.413669
0.644289 0.412759
0.645291 0.411846
0.646293 0.410929
0.647295 0.410009
0.648297 0.409085
0.649299 0.408159
0.650301 0.407228
0.651303 0.406295
0.652305 0.405358
0.653307 0.404417
0.654309 0.403474
0.655311 0.402527
0.656313 0.401577
0.657315 0.400624
0.658317 0.399668
0.659319 0.398708
0.660321 0.397746
0.661323 0.39678
0.662325 0.395812
0.663327 0.39484
0.664329 0.393865
0.665331 0.392888
0.666333 0.391907
0.667335 0.390923
0.668337 0.389937
0.669339 0.388948
0.670341 0.387955
0.671343 0.38696
0.672345 0.385963
0.673347 0.384962
0.674349 0.383959
0.675351 0.382953
0.676353 0.381944
0.677355 0.380932
0.678357 0.379918
0.679359 0.378902
0.680361 0.377882
0.681363 0.37686
0.682365 0.375836
0.683367 0.374809
0.684369 0.373779
0.685371 0.372747
0.686373 0.371712
0.687375 0.370675
0.688377 0.369636
0.689379 0.368594
0.690381 0.36755
0.691383 0.366503
0.692385 0.365454
0.693387 0.364403
0.694389 0.36335
0.695391 0.362294
0.696393 0.361236
0.697395 0.360175
0.698397 0.359113
0.699399 0.358048
0.700401 0.356981
0.701403 0.355912
0.702405 0.354841
0.703407 0.353768
0.704409 0.352693
0.705411 0.351615
0.706413 0.350536
0.707415 0.349455
0.708417 0.348371
0.709419 0.347286
0.710421 0.346198
0.711423 0.345109
0.712425 0.344018
0.713427 0.342925
0.714429 0.34183
0.715431 0.340733
0.716433 0.339634
0.717435 0.338533
0.718437 0.337431
0.719439 0.336327
0.720441 0.335221
0.721443 0.334113
0.722445 0.333004
0.723447 0.331893
0.724449 0.33078
0.725451 0.329665
0.726453 0.328549
0.727455 0.327431
0.728457 0.326312
0.729459 0.325191
0.730461 0.324069
0.731463 0.322944
0.732465 0.321819
0.733467 0.320691
0.734469 0.319563
0.735471 0.318432
0.736473 0.317301
0.737475 0.316168
0.738477 0.315033
0.739479 0.313897
0.740481 0.312759
0.741483 0.31162
0.742485 0.31048
0.743487 0.309339
0.744489 0.308196
0.745491 0.307051
0.746493 0.305906
0.747495 0.304759
0.748497 0.303611
0.749499 0.302461
0.750501 0.30131
0.751503 0.300158
0.752505 0.299005
0.753507 0.297851
0.754509 0.296695
0.755511 0.295539
0.756513 0.294381
0.757515 0.293222
0.758517 0.292061
0.759519 0.2909
0.760521 0.289738
0.761523 0.288574
0.762525 0.28741
0.763527 0.286244
0.764529 0.285077
0.765531 0.28391
0.766533 0.282741
0.767535 0.281571
0.768537 0.2804
0.769539 0.279229
0.770541 0.278056
0.771543 0.276882
0.772545 0.275708
0.773547 0.274532
0.774549 0.273356
0.775551 0.272179
0.776553 0.271001
0.777555 0.269822
0.778557 0.268642
0.779559 0.267461
0.780561 0.266279
0.781563 0.265097
0.782565 0.263914
0.783567 0.26273
0.784569 0.261545
0.785571 0.26036
0.786573 0.259173
0.787575 0.257986
0.788577 0.256798
0.789579 0.25561
0.790581 0.254421
0.791583 0.253231
0.792585 0.25204
0.793587 0.250849
0.794589 0.249657
0.795591 0.248464
0.796593 0.247271
0.797595 0.246077
0.798597 0.244883
0.799599 0.243688
0.800601 0.242492
0.801603 0.241296
0.802605 0.240099
0.803607 0.238901
0.804609 0.237703
0.805611 0.236505
0.806613 0.235305
0.807615 0.234106
0.808617 0.232906
0.809619 0.231705
0.810621 0.230504
0.811623 0.229302
0.812625 0.2281
0.813627 0.226897
0.814629 0.225694
0.815631 0.224491
0.816633 0.223287
0.817635 0.222082
0.818637 0.220877
0.819639 0.219672
0.820641 0.218466
0.821643 0.21726
0.822645 0.216054
0.823647 0.214847
0.824649 0.21364
0.825651 0.212432
0.826653 0.211224
0.827655 0.210016
0.828657 0.208807
0.829659 0.207598
0.830661 0.206389
0.831663 0.20518
0.832665 0.20397
0.833667 0.202759
0.834669 0.201549
0.835671 0.200338
0.836673 0.199127
0.837675 0.197916
0.838677 0.196704
0.839679 0.195492
0.840681 0.19428
0.841683 0.193068
0.842685 0.191855
0.843687 0.190642
0.844689 0.189429
0.845691 0.188216
0.846693 0.187003
0.847695 0.185789
0.848697 0.184575
0.849699 0.183361
0.850701 0.182147
0.851703 0.180932
0.852705 0.179718
0.853707 0.178503
0.854709 0.177288
0.855711 0.176073
0.856713 0.174858
0.857715 0.173642
0.858717 0.172427
0.859719 0.171211
0.860721 0.169996
0.861723 0.16878
0.862725 0.167564
0.863727 0.166348
0.864729 0.165132
0.865731 0.163915
0.866733 0.162699
0.867735 0.161482
0.868737 0.160266
0.869739 0.159049
0.870741 0.157833
0.871743 0.156616
0.872745 0.155399
0.873747 0.154182
0.874749 0.152965
0.875752 0.151748
0.876754 0.150531
0.877756 0.149314
0.878758 0.148097
0.87976 0.14688
0.880762 0.145663
0.881764 0.144446
0.882766 0.143229
0.883768 0.142011
0.88477 0.140794
0.885772 0.139577
0.886774 0.13836
0.887776 0.137142
0.888778 0.135925
0.88978 0.134708
0.890782 0.133491
0.891784 0.132273
0.892786 0.131056
0.893788 0.129839
0.89479 0.128622
0.895792 0.127405
0.896794 0.126188
0.897796 0.124971
0.898798 0.123753
0.8998 0.122536
0.900802 0.12132
0.901804 0.120103
0.902806 0.118886
0.903808 0.117669
0.90481 0.116452
0.905812 0.115235
0.906814 0.114019
0.907816 0.112802
0.908818 0.111585
0.90982 0.110369
0.910822 0.109152
0.911824 0.107936
0.912826 0.10672
0.913828 0.105503
0.91483 0.104287
0.915832 0.103071
0.916834 0.101855
0.917836 0.100639
0.918838 0.0994232
0.91984 0.0982074
0.920842 0.0969917
0.921844 0.095776
0.922846 0.0945604
0.923848 0.0933449
0.92485 0.0921295
0.925852 0.0909142
0.926854 0.089699
0.927856 0.0884838
0.928858 0.0872687
0.92986 0.0860537
0.930862 0.0848389
0.931864 0.083624
0.932866 0.0824093
0.933868 0.0811947
0.93487 0.0799802
0.935872 0.0787657
0.936874 0.0775514
0.937876 0.0763371
0.938878 0.075123
0.93988 0.0739089
0.940882 0.0726949
0.941884 0.071481
0.942886 0.0702672
0.943888 0.0690536
0.94489 0.0678399
0.945892 0.0666264
0.946894 0.065413
0.947896 0.0641997
0.948898 0.0629865
0.9499 0.0617733
0.950902 0.0605603
0.951904 0.0593473
0.952906 0.0581345
0.953908 0.0569217
0.95491 0.055709
0.955912 0.0544964
0.956914 0.0532839
0.957916 0.0520715
0.958918 0.0508591
0.95992 0.0496469
0.960922 0.0484347
0.961924 0.0472226
0.962926 0.0460107
0.963928 0.0447987
0.96493 0.0435869
0.965932 0.0423751
0.966934 0.0411635
0.967936 0.0399519
0.968938 0.0387403
0.96994 0.0375289
0.970942 0.0363175
0.971944 0.0351062
0.972946 0.0338949
0.973948 0.0326838
0.97495 0.0314727
0.975952 0.0302616
0.976954 0.0290506
0.977956 0.0278397
0.978958 0.0266288
0.97996 0.025418
0.980962 0.0242073
0.981964 0.0229966
0.982966 0.0217859
0.983968 0.0205753
0.98497 0.0193648
0.985972 0.0181542
0.986974 0.0169438
0.987976 0.0157333
0.988978 0.0145229
0.98998 0.0133126
0.990982 0.0121022
0.991984 0.0108919
0.992986 0.00968165
0.993988 0.00847139
0.99499 0.00726115
0.995992 0.00605093
0.996994 0.00484073
0.997996 0.00363053
0.998998 0.00242035
1 0.00121017


0 0.0100472
0.001002 0.0198933
0.00200401 0.0295401
0.00300601 0.0389894
0.00400802 0.0482431
0.00501002 0.0573029
0.00601202 0.0661706
0.00701403 0.0748481
0.00801603 0.0833371
0.00901804 0.0916394
0.01002 0.0997567
0.011022 0.107691
0.012024 0.115444
0.0130261 0.123016
0.0140281 0.130411
0.0150301 0.13763
0.0160321 0.144674
0.0170341 0.151546
0.0180361 0.158246
0.0190381 0.164776
0.0200401 0.171139
0.0210421 0.177336
0.0220441 0.183368
0.0230461 0.189238
0.0240481 0.194946
0.0250501 0.200495
0.0260521 0.205886
0.0270541 0.211121
0.0280561 0.216201
0.0290581 0.221127
0.0300601 0.225903
0.0310621 0.230529
0.0320641 0.235006
0.0330661 0.239336
0.0340681 0.243522
0.0350701 0.247564
0.0360721 0.251463
0.0370741 0.255223
0.0380762 0.258843
0.0390782 0.262326
0.0400802 0.265672
0.0410822 0.268885
0.0420842 0.271964
0.0430862 0.274912
0.0440882 0.27773
0.0450902 0.280419
0.0460922 0.282982
0.0470942 0.285419
0.0480962 0.287731
0.0490982 0.289921
0.0501002 0.29199
0.0511022 0.293939
0.0521042 0.295769
0.0531062 0.297482
0.0541082 0.29908
0.0551102 0.300564
0.0561122 0.301934
0.0571142 0.303194
0.0581162 0.304343
0.0591182 0.305383
0.0601202 0.306316
0.0611222 0.307143
0.0621242 0.307866
0.0631263 0.308484
0.0641283 0.309001
0.0651303 0.309418
0.0661323 0.309734
0.0671343 0.309953
0.0681363 0.310075
0.0691383 0.310101
0.0701403 0.310033
0.0711423 0.309872
0.0721443 0.309619
0.0731463 0.309276
0.0741483 0.308843
0.0751503 0.308323
0.0761523 0.307716
0.0771543 0.307023
0.0781563 0.306246
0.0791583 0.305385
0.0801603 0.304443
0.0811623 0.30342
0.0821643 0.302318
0.0831663 0.301137
0.0841683 0.299879
0.0851703 0.298544
0.0861723 0.297135
0.0871743 0.295653
0.0881764 0.294097
0.0891784 0.29247
0.0901804 0.290773
0.0911824 0.289007
0.0921844 0.287172
0.0931864 0.285271
0.0941884 0.283303
0.0951904 0.281271
0.0961924 0.279175
0.0971944 0.277016
0.0981964 0.274796
0.0991984 0.272515
0.1002 0.270175
0.101202 0.267776
0.102204 0.26532
0.103206 0.262808
0.104208 0.26024
0.10521 0.257618
0.106212 0.254942
0.107214 0.252214
0.108216 0.249435
0.109218 0.246606
0.11022 0.243727
0.111222 0.2408
0.112224 0.237825
0.113226 0.234804
0.114228 0.231738
0.11523 0.228627
0.116232 0.225472
0.117234 0.222275
0.118236 0.219036
0.119238 0.215756
0.12024 0.212436
0.121242 0.209077
0.122244 0.205681
0.123246 0.202247
0.124248 0.198776
0.125251 0.19527
0.126253 0.19173
0.127255 0.188156
0.128257 0.184549
0.129259 0.18091
0.130261 0.17724
0.131263 0.17354
0.132265 0.16981
0.133267 0.166051
0.134269 0.162265
0.135271 0.158452
0.136273 0.154612
0.137275 0.150747
0.138277 0.146858
0.139279 0.142945
0.140281 0.139008
0.141283 0.13505
0.142285 0.13107
0.143287 0.127069
0.144289 0.123048
0.145291 0.119008
0.146293 0.11495
0.147295 0.110873
0.148297 0.10678
0.149299 0.102671
0.150301 0.0985455
0.151303 0.0944056
0.152305 0.0902515
0.153307 0.086084
0.154309 0.0819037
0.155311 0.0777113
0.156313 0.0735076
0.157315 0.0692931
0.158317 0.0650686
0.159319 0.0608348
0.160321 0.0565922
0.161323 0.0523416
0.162325 0.0480835
0.163327 0.0438187
0.164329 0.0395477
0.165331 0.0352712
0.166333 0.0309898
0.167335 0.0267041
0.168337 0.0224148
0.169339 0.0181224
0.170341 0.0138275
0.171343 0.00953075
0.172345 0.00523273
0.173347 0.000934006
0.174349 -0.00336484
0.175351 -0.00766324
0.176353 -0.0119606
0.177355 -0.0162564
0.178357 -0.0205501
0.179359 -0.0248412
0.180361 -0.029129
0.181363 -0.033413
0.182365 -0.0376928
0.183367 -0.0419678
0.184369 -0.0462374
0.185371 -0.0505012
0.186373 -0.0547586
0.187375 -0.0590092
0.188377 -0.0632524
0.189379 -0.0674878
0.190381 -0.0717149
0.191383 -0.0759331
0.192385 -0.080142
0.193387 -0.0843411
0.194389 -0.0885301
0.195391 -0.0927083
0.196393 -0.0968753
0.197395 -0.101031
0.198397 -0.105174
0.199399 -0.109305
0.200401 -0.113423
0.201403 -0.117528
0.202405 -0.121618
0.203407 -0.125695
0.204409 -0.129757
0.205411 -0.133804
0.206413 -0.137836
0.207415 -0.141851
0.208417 -0.145851
0.209419 -0.149834
0.210421 -0.153799
0.211423 -0.157748
0.212425 -0.161679
0.213427 -0.165591
0.214429 -0.169485
0.215431 -0.17336
0.216433 -0.177216
0.217435 -0.181053
0.218437 -0.184869
0.219439 -0.188665
0.220441 -0.192441
0.221443 -0.196196
0.222445 -0.199929
0.223447 -0.203641
0.224449 -0.207331
0.225451 -0.210998
0.226453 -0.214643
0.227455 -0.218266
0.228457 -0.221865
0.229459 -0.225441
0.230461 -0.228993
0.231463 -0.232521
0.232465 -0.236024
0.233467 -0.239504
0.234469 -0.242958
0.235471 -0.246387
0.236473 -0.249791
0.237475 -0.253169
0.238477 -0.256521
0.239479 -0.259847
0.240481 -0.263147
0.241483 -0.26642
0.242485 -0.269666
0.243487 -0.272885
0.244489 -0.276077
0.245491 -0.279241
0.246493 -0.282377
0.247495 -0.285485
0.248497 -0.288565
0.249499 -0.291617
0.250501 -0.29464
0.251503 -0.297634
0.252505 -0.300598
0.253507 -0.303534
0.254509 -0.30644
0.255511 -0.309317
0.256513 -0.312164
0.257515 -0.31498
0.258517 -0.317767
0.259519 -0.320523
0.260521 -0.323249
0.261523 -0.325944
0.262525 -0.328608
0.263527 -0.331242
0.264529 -0.333844
0.265531 -0.336414
0.266533 -0.338954
0.267535 -0.341461
0.268537 -0.343937
0.269539 -0.346381
0.270541 -0.348794
0.271543 -0.351174
0.272545 -0.353521
0.273547 -0.355837
0.274549 -0.35812
0.275551 -0.36037
0.276553 -0.362588
0.277555 -0.364773
0.278557 -0.366925
0.279559 -0.369044
0.280561 -0.371129
0.281563 -0.373182
0.282565 -0.375201
0.283567 -0.377187
0.284569 -0.37914
0.285571 -0.381059
0.286573 -0.382944
0.287575 -0.384796
0.288577 -0.386613
0.289579 -0.388397
0.290581 -0.390148
0.291583 -0.391864
0.292585 -0.393546
0.293587 -0.395194
0.294589 -0.396808
0.295591 -0.398388
0.296593 -0.399934
0.297595 -0.401445
0.298597 -0.402922
0.299599 -0.404365
0.300601 -0.405774
0.301603 -0.407148
0.302605 -0.408488
0.303607 -0.409793
0.304609 -0.411064
0.305611 -0.4123
0.306613 -0.413502
0.307615 -0.414669
0.308617 -0.415802
0.309619 -0.4169
0.310621 -0.417964
0.311623 -0.418994
0.312625 -0.419988
0.313627 -0.420949
0.314629 -0.421874
0.315631 -0.422766
0.316633 -0.423622
0.317635 -0.424445
0.318637 -0.425233
0.319639 -0.425986
0.320641 -0.426705
0.321643 -0.427389
0.322645 -0.42804
0.323647 -0.428656
0.324649 -0.429237
0.325651 -0.429785
0.326653 -0.430298
0.327655 -0.430777
0.328657 -0.431221
0.329659 -0.431632
0.330661 -0.432009
0.331663 -0.432351
0.332665 -0.43266
0.333667 -0.432935
0.334669 -0.433176
0.335671 -0.433383
0.336673 -0.433556
0.337675 -0.433696
0.338677 -0.433802
0.339679 -0.433875
0.340681 -0.433914
0.341683 -0.43392
0.342685 -0.433893
0.343687 -0.433832
0.344689 -0.433738
0.345691 -0.433611
0.346693 -0.433451
0.347695 -0.433258
0.348697 -0.433033
0.349699 -0.432774
0.350701 -0.432483
0.351703 -0.43216
0.352705 -0.431804
0.353707 -0.431415
0.354709 -0.430995
0.355711 -0.430542
0.356713 -0.430057
0.357715 -0.42954
0.358717 -0.428991
0.359719 -0.428411
0.360721 -0.427799
0.361723 -0.427155
0.362725 -0.42648
0.363727 -0.425774
0.364729 -0.425037
0.365731 -0.424268
0.366733 -0.423469
0.367735 -0.422638
0.368737 -0.421777
0.369739 -0.420886
0.370741 -0.419964
0.371743 -0.419011
0.372745 -0.418029
0.373747 -0.417016
0.374749 -0.415974
0.375752 -0.414901
0.376754 -0.4138
0.377756 -0.412668
0.378758 -0.411507
0.37976 -0.410317
0.380762 -0.409098
0.381764 -0.40785
0.382766 -0.406573
0.383768 -0.405267
0.38477 -0.403933
0.385772 -0.402571
0.386774 -0.40118
0.387776 -0.399761
0.388778 -0.398314
0.38978 -0.39684
0.390782 -0.395338
0.391784 -0.393808
0.392786 -0.392251
0.393788 -0.390668
0.39479 -0.389057
0.395792 -0.387419
0.396794 -0.385754
0.397796 -0.384064
0.398798 -0.382346
0.3998 -0.380603
0.400802 -0.378834
0.401804 -0.377039
0.402806 -0.375218
0.403808 -0.373371
0.40481 -0.3715
0.405812 -0.369603
0.406814 -0.367681
0.407816 -0.365735
0.408818 -0.363764
0.40982 -0.361768
0.410822 -0.359748
0.411824 -0.357704
0.412826 -0.355637
0.413828 -0.353545
0.41483 -0.35143
0.415832 -0.349292
0.416834 -0.34713
0.417836 -0.344945
0.418838 -0.342738
0.41984 -0.340508
0.420842 -0.338255
0.421844 -0.335981
0.422846 -0.333684
0.423848 -0.331365
0.42485 -0.329025
0.425852 -0.326663
0.426854 -0.32428
0.427856 -0.321875
0.428858 -0.31945
0.42986 -0.317004
0.430862 -0.314538
0.431864 -0.312051
0.432866 -0.309544
0.433868 -0.307017
0.43487 -0.30447
0.435872 -0.301904
0.436874 -0.299318
0.437876 -0.296713
0.438878 -0.294089
0.43988 -0.291447
0.440882 -0.288786
0.441884 -0.286106
0.442886 -0.283408
0.443888 -0.280693
0.44489 -0.277959
0.445892 -0.275208
0.446894 -0.27244
0.447896 -0.269654
0.448898 -0.266852
0.4499 -0.264032
0.450902 -0.261196
0.451904 -0.258344
0.452906 -0.255476
0.453908 -0.252592
0.45491 -0.249691
0.455912 -0.246776
0.456914 -0.243845
0.457916 -0.240899
0.458918 -0.237938
0.45992 -0.234962
0.460922 -0.231972
0.461924 -0.228967
0.462926 -0.225948
0.463928 -0.222916
0.46493 -0.21987
0.465932 -0.21681
0.466934 -0.213737
0.467936 -0.210651
0.468938 -0.207552
0.46994 -0.204441
0.470942 -0.201317
0.471944 -0.19818
0.472946 -0.195032
0.473948 -0.191872
0.47495 -0.1887
0.475952 -0.185517
0.476954 -0.182323
0.477956 -0.179118
0.478958 -0.175902
0.47996 -0.172675
0.480962 -0.169439
0.481964 -0.166191
0.482966 -0.162935
0.483968 -0.159668
0.48497 -0.156392
0.485972 -0.153106
0.486974 -0.149811
0.487976 -0.146508
0.488978 -0.143196
0.48998 -0.139875
0.490982 -0.136546
0.491984 -0.133209
0.492986 -0.129864
0.493988 -0.126512
0.49499 -0.123152
0.495992 -0.119785
0.496994 -0.116411
0.497996 -0.11303
0.498998 -0.109642
0.5 -0.106248
0.501002 -0.102848
0.502004 -0.0994417
0.503006 -0.0960297
0.504008 -0.0926122
0.50501 -0.0891893
0.506012 -0.0857612
0.507014 -0.0823282
0.508016 -0.0788905
0.509018 -0.0754482
0.51002 -0.0720015
0.511022 -0.0685507
0.512024 -0.065096
0.513026 -0.0616375
0.514028 -0.0581755
0.51503 -0.0547102
0.516032 -0.0512417
0.517034 -0.0477704
0.518036 -0.0442963
0.519038 -0.0408197
0.52004 -0.0373407
0.521042 -0.0338597
0.522044 -0.0303767
0.523046 -0.026892
0.524048 -0.0234058
0.52505 -0.0199183
0.526052 -0.0164296
0.527054 -0.01294
0.528056 -0.00944972
0.529058 -0.00595888
0.53006 -0.00246771
0.531062 0.00102361
0.532064 0.00451486
0.533066 0.00800586
0.534068 0.0114964
0.53507 0.0149863
0.536072 0.0184754
0.537074 0.0219635
0.538076 0.0254503
0.539078 0.0289357
0.54008 0.0324195
0.541082 0.0359016
0.542084 0.0393816
0.543086 0.0428595
0.544088 0.046335
0.54509 0.0498079
0.546092 0.0532781
0.547094 0.0567454
0.548096 0.0602096
0.549098 0.0636705
0.5501 0.0671279
0.551102 0.0705816
0.552104 0.0740315
0.553106 0.0774773
0.554108 0.080919
0.55511 0.0843562
0.556112 0.0877888
0.557114 0.0912167
0.558116 0.0946396
0.559118 0.0980574
0.56012 0.10147
0.561122 0.104877
0.562124 0.108278
0.563126 0.111674
0.564128 0.115063
0.56513 0.118447
0.566132 0.121824
0.567134 0.125194
0.568136 0.128558
0.569138 0.131915
0.57014 0.135265
0.571142 0.138607
0.572144 0.141942
0.573146 0.14527
0.574148 0.14859
0.57515 0.151902
0.576152 0.155206
0.577154 0.158502
0.578156 0.161789
0.579158 0.165068
0.58016 0.168338
0.581162 0.171599
0.582164 0.174851
0.583166 0.178094
0.584168 0.181328
0.58517 0.184552
0.586172 0.187766
0.587174 0.190971
0.588176 0.194165
0.589178 0.19735
0.59018 0.200524
0.591182 0.203687
0.592184 0.20684
0.593186 0.209983
0.594188 0.213114
0.59519 0.216234
0.596192 0.219343
0.597194 0.222441
0.598196 0.225527
0.599198 0.228601
0.6002 0.231664
0.601202 0.234715
0.602204 0.237753
0.603206 0.24078
0.604208 0.243794
0.60521 0.246795
0.606212 0.249784
0.607214 0.25276
0.608216 0.255723
0.609218 0.258672
0.61022 0.261609
0.611222 0.264532
0.612224 0.267442
0.613226 0.270338
0.614228 0.273221
0.61523 0.276089
0.616232 0.278944
0.617234 0.281784
0.618236 0.28461
0.619238 0.287422
0.62024 0.290219
0.621242 0.293001
0.622244 0.295769
0.623246 0.298522
0.624248 0.301259
0.625251 0.303982
0.626253 0.306689
0.627255 0.309381
0.628257 0.312057
0.629259 0.314718
0.630261 0.317363
0.631263 0.319992
0.632265 0.322605
0.633267 0.325202
0.634269 0.327782
0.635271 0.330347
0.636273 0.332895
0.637275 0.335426
0.638277 0.337941
0.639279 0.340438
0.640281 0.34292
0.641283 0.345384
0.642285 0.347831
0.643287 0.35026
0.644289 0.352673
0.645291 0.355068
0.646293 0.357445
0.647295 0.359805
0.648297 0.362148
0.649299 0.364472
0.650301 0.366779
0.651303 0.369067
0.652305 0.371338
0.653307 0.37359
0.654309 0.375824
0.655311 0.37804
0.656313 0.380237
0.657315 0.382415
0.658317 0.384576
0.659319 0.386717
0.660321 0.388839
0.661323 0.390943
0.662325 0.393028
0.663327 0.395093
0.664329 0.39714
0.665331 0.399167
0.666333 0.401175
0.667335 0.403163
0.668337 0.405132
0.669339 0.407082
0.670341 0.409012
0.671343 0.410922
0.672345 0.412812
0.673347 0.414683
0.674349 0.416534
0.675351 0.418364
0.676353 0.420175
0.677355 0.421966
0.678357 0.423736
0.679359 0.425486
0.680361 0.427216
0.681363 0.428926
0.682365 0.430615
0.683367 0.432283
0.684369 0.433931
0.685371 0.435558
0.686373 0.437165
0.687375 0.438751
0.688377 0.440316
0.689379 0.44186
0.690381 0.443384
0.691383 0.444886
0.692385 0.446368
0.693387 0.447828
0.694389 0.449267
0.695391 0.450685
0.696393 0.452082
0.697395 0.453458
0.698397 0.454812
0.699399 0.456145
0.700401 0.457456
0.701403 0.458747
0.702405 0.460015
0.703407 0.461262
0.704409 0.462488
0.705411 0.463692
0.706413 0.464874
0.707415 0.466035
0.708417 0.467174
0.709419 0.468291
0.710421 0.469386
0.711423 0.47046
0.712425 0.471512
0.713427 0.472542
0.714429 0.47355
0.715431 0.474536
0.716433 0.4755
0.717435 0.476442
0.718437 0.477363
0.719439 0.478261
0.720441 0.479137
0.721443 0.479991
0.722445 0.480823
0.723447 0.481633
0.724449 0.482421
0.725451 0.483186
0.726453 0.48393
0.727455 0.484651
0.728457 0.48535
0.729459 0.486027
0.730461 0.486681
0.731463 0.487314
0.732465 0.487924
0.733467 0.488512
0.734469 0.489077
0.735471 0.489621
0.736473 0.490142
0.737475 0.490641
0.738477 0.491117
0.739479 0.491571
0.740481 0.492003
0.741483 0.492413
0.742485 0.4928
0.743487 0.493165
0.744489 0.493508
0.745491 0.493828
0.746493 0.494127
0.747495 0.494403
0.748497 0.494656
0.749499 0.494888
0.750501 0.495097
0.751503 0.495283
0.752505 0.495448
0.753507 0.49559
0.754509 0.495711
0.755511 0.495808
0.756513 0.495884
0.757515 0.495938
0.758517 0.495969
0.759519 0.495978
0.760521 0.495965
0.761523 0.49593
0.762525 0.495873
0.763527 0.495794
0.764529 0.495693
0.765531 0.495569
0.766533 0.495424
0.767535 0.495257
0.768537 0.495067
0.769539 0.494856
0.770541 0.494623
0.771543 0.494368
0.772545 0.494091
0.773547 0.493792
0.774549 0.493471
0.775551 0.493129
0.776553 0.492765
0.777555 0.492379
0.778557 0.491972
0.779559 0.491543
0.780561 0.491092
0.781563 0.49062
0.782565 0.490126
0.783567 0.48961
0.784569 0.489074
0.785571 0.488515
0.786573 0.487936
0.787575 0.487335
0.788577 0.486713
0.789579 0.486069
0.790581 0.485404
0.791583 0.484719
0.792585 0.484012
0.793587 0.483284
0.794589 0.482535
0.795591 0.481765
0.796593 0.480974
0.797595 0.480162
0.798597 0.479329
0.799599 0.478476
0.800601 0.477601
0.801603 0.476707
0.802605 0.475791
0.803607 0.474855
0.804609 0.473899
0.805611 0.472922
0.806613 0.471924
0.807615 0.470906
0.808617 0.469868
0.809619 0.46881
0.810621 0.467732
0.811623 0.466633
0.812625 0.465515
0.813627 0.464376
0.814629 0.463218
0.815631 0.462039
0.816633 0.460841
0.817635 0.459624
0.818637 0.458386
0.819639 0.457129
0.820641 0.455853
0.821643 0.454557
0.822645 0.453241
0.823647 0.451907
0.824649 0.450553
0.825651 0.449179
0.826653 0.447787
0.827655 0.446376
0.828657 0.444946
0.829659 0.443497
0.830661 0.442029
0.831663 0.440542
0.832665 0.439037
0.833667 0.437513
0.834669 0.435971
0.835671 0.43441
0.836673 0.432831
0.837675 0.431233
0.838677 0.429618
0.839679 0.427984
0.840681 0.426332
0.841683 0.424662
0.842685 0.422975
0.843687 0.421269
0.844689 0.419546
0.845691 0.417806
0.846693 0.416048
0.847695 0.414272
0.848697 0.412479
0.849699 0.410669
0.850701 0.408841
0.851703 0.406997
0.852705 0.405135
0.853707 0.403257
0.854709 0.401361
0.855711 0.399449
0.856713 0.397521
0.857715 0.395576
0.858717 0.393614
0.859719 0.391636
0.860721 0.389641
0.861723 0.387631
0.862725 0.385604
0.863727 0.383562
0.864729 0.381503
0.865731 0.379429
0.866733 0.377339
0.867735 0.375233
0.868737 0.373112
0.869739 0.370975
0.870741 0.368824
0.871743 0.366656
0.872745 0.364474
0.873747 0.362277
0.874749 0.360065
0.875752 0.357838
0.876754 0.355596
0.877756 0.35334
0.878758 0.351069
0.87976 0.348783
0.880762 0.346484
0.881764 0.34417
0.882766 0.341842
0.883768 0.3395
0.88477 0.337144
0.885772 0.334775
0.886774 0.332391
0.887776 0.329994
0.888778 0.327584
0.88978 0.32516
0.890782 0.322723
0.891784 0.320273
0.892786 0.31781
0.893788 0.315334
0.89479 0.312845
0.895792 0.310343
0.896794 0.307829
0.897796 0.305302
0.898798 0.302763
0.8998 0.300212
0.900802 0.297648
0.901804 0.295072
0.902806 0.292485
0.903808 0.289885
0.90481 0.287274
0.905812 0.284651
0.906814 0.282017
0.907816 0.279371
0.908818 0.276714
0.90982 0.274046
0.910822 0.271367
0.911824 0.268677
0.912826 0.265976
0.913828 0.263265
0.91483 0.260543
0.915832 0.25781
0.916834 0.255067
0.917836 0.252314
0.918838 0.249551
0.91984 0.246777
0.920842 0.243994
0.921844 0.241201
0.922846 0.238399
0.923848 0.235586
0.92485 0.232765
0.925852 0.229934
0.926854 0.227094
0.927856 0.224245
0.928858 0.221387
0.92986 0.21852
0.930862 0.215645
0.931864 0.212761
0.932866 0.209868
0.933868 0.206967
0.93487 0.204058
0.935872 0.201141
0.936874 0.198216
0.937876 0.195283
0.938878 0.192342
0.93988 0.189393
0.940882 0.186437
0.941884 0.183474
0.942886 0.180504
0.943888 0.177526
0.94489 0.174541
0.945892 0.17155
0.946894 0.168551
0.947896 0.165546
0.948898 0.162535
0.9499 0.159517
0.950902 0.156493
0.951904 0.153462
0.952906 0.150426
0.953908 0.147384
0.95491 0.144335
0.955912 0.141282
0.956914 0.138222
0.957916 0.135158
0.958918 0.132088
0.95992 0.129013
0.960922 0.125932
0.961924 0.122847
0.962926 0.119757
0.963928 0.116663
0.96493 0.113563
0.965932 0.11046
0.966934 0.107352
0.967936 0.10424
0.968938 0.101123
0.96994 0.0980034
0.970942 0.0948794
0.971944 0.0917518
0.972946 0.0886206
0.973948 0.085486
0.97495 0.082348
0.975952 0.0792069
0.976954 0.0760626
0.977956 0.0729155
0.978958 0.0697655
0.97996 0.0666128
0.980962 0.0634575
0.981964 0.0602997
0.982966 0.0571397
0.983968 0.0539774
0.98497 0.050813
0.985972 0.0476467
0.986974 0.0444785
0.987976 0.0413087
0.988978 0.0381372
0.98998 0.0349642
0.990982 0.0317899
0.991984 0.0286144
0.992986 0.0254378
0.993988 0.0222602
0.99499 0.0190818
0.995992 0.0159026
0.996994 0.0127228
0.997996 0.00954254
0.998998 0.0063619
1 0.00318101


